B001F01CC.jpg,127004,6,0,152.65,639.48,295.01,754.15,0.742049277,0.257950723
B001F00AC.jpg,126986,328,0,820.9,897.28,934.41,1018.79,0.72339946,0.27660051
B0031033C.jpg,200755,103,0,835.17,590.76,966.61,751.54,0.7232759,0.2767241
B0005023C.jpg,20515,11,0,697.8,167.52,811.96,278.67,0.712351978,0.287647963
B0017009C.jpg,94217,83,0,0.0,531.14,114.24,678.54,0.707942307,0.292057723
B001B00BC.jpg,110603,334,0,31.82,145.19,151.32,264.73,0.706521094,0.293478906
B001A01AC.jpg,106522,12,0,99.5,0.0,246.11,134.1,0.704732597,0.295267463
B001302FC.jpg,77871,294,0,73.31,659.91,215.0,784.61,0.704381704,0.295618296
B0036018C.jpg,221208,208,0,384.49,41.75,504.22,151.12,0.702691376,0.297308654
B002D007C.jpg,184327,13,0,279.34,498.14,425.41,655.32,0.702459037,0.297540903
B0023012C.jpg,143378,34,0,500.11,106.98,682.02,287.83,0.702225804,0.297774255
B002F038C.jpg,192568,24,0,3.93,534.14,128.0,670.37,0.701681018,0.298318982
B002F027C.jpg,192551,133,0,109.29,560.39,279.93,742.52,0.698603928,0.301396042
B001000CC.jpg,65548,420,0,368.25,757.75,491.15,856.31,0.698458135,0.301541805
B0018024C.jpg,98340,384,0,933.99,155.22,1024.0,273.72,0.696992755,0.303007245
B0003019C.jpg,12313,483,0,0.0,636.79,133.39,807.88,0.694150329,0.305849701
B0020024C.jpg,131108,91,0,670.05,40.44,806.78,160.98,0.693721056,0.306278944
B0023028C.jpg,143400,211,0,599.12,687.41,768.85,847.8,0.692929208,0.307070822
B001A01DC.jpg,106525,186,0,873.47,760.38,999.2,898.6,0.691320717,0.308679283
B001900CC.jpg,102412,73,0,153.82,822.01,298.8,992.53,0.690812588,0.309187412
B002000AC.jpg,131082,915,0,910.29,22.15,1024.0,156.54,0.688672245,0.311327785
B0016022C.jpg,90146,29,0,123.24,146.17,277.68,303.36,0.686879098,0.313120872
B003201FC.jpg,204831,734,0,763.14,116.51,887.82,254.8,0.686727047,0.313272923
B0007022C.jpg,28706,56,0,428.01,895.88,576.2,1024.0,0.686675608,0.313324362
B002202FC.jpg,139311,633,0,923.65,43.86,1024.0,142.23,0.686404943,0.313595027
B003C01CC.jpg,245788,319,0,2.04,721.67,108.87,877.23,0.686102867,0.313897133
B0016009C.jpg,90121,57,0,711.73,260.72,849.89,384.95,0.685552359,0.314447582
B0027025C.jpg,159781,200,0,433.53,105.61,593.26,277.34,0.684568942,0.315431029
B0011019C.jpg,69657,31,0,137.83,0.0,278.5,128.13,0.684031665,0.315968335
B001602CC.jpg,90156,30,0,714.57,656.42,845.32,779.78,0.683516324,0.316483647
B0016007C.jpg,90119,82,0,136.4,291.43,274.81,452.27,0.683006167,0.316993803
B002C022C.jpg,180258,571,0,201.03,749.41,335.13,877.45,0.68295747,0.3170425
B001F023C.jpg,127011,49,0,743.6,212.44,892.44,374.5,0.682548702,0.317451358
B0018034C.jpg,98356,778,0,888.48,537.16,1024.0,674.98,0.681361616,0.318638414
B003301FC.jpg,208927,415,0,431.27,870.31,574.63,1001.27,0.681090355,0.318909645
B002D01CC.jpg,184348,59,0,176.18,95.67,340.96,302.21,0.680671513,0.319328457
B0016009C.jpg,90121,426,0,596.35,450.61,721.39,585.05,0.680603087,0.319396943
B0039034C.jpg,233524,129,0,284.87,449.95,421.02,597.86,0.680549026,0.319450945
B003701AC.jpg,225306,584,0,444.83,23.67,572.05,160.22,0.680528164,0.319471866
B002F036C.jpg,192566,526,0,230.13,153.58,328.09,241.87,0.680418789,0.319581181
B001F037C.jpg,127031,213,0,781.4,622.65,904.09,748.28,0.680335581,0.319664359
B000101FC.jpg,4127,680,0,1.57,934.46,134.36,1024.0,0.679279089,0.320720851
B0024023C.jpg,147491,120,0,176.38,496.92,352.14,666.54,0.678924799,0.321075201
B0039015C.jpg,233493,588,0,452.17,937.48,606.24,1024.0,0.678538263,0.321461678
B001802CC.jpg,98348,876,0,528.2,393.9,628.72,489.61,0.67852819,0.32147181
B001301EC.jpg,77854,122,0,135.16,742.73,295.29,916.27,0.67774117,0.32225883
B001700BC.jpg,94219,35,0,596.73,565.75,741.01,719.36,0.677456677,0.322543323
B0017021C.jpg,94241,242,0,134.66,672.01,276.29,829.74,0.676378191,0.323621809
B001E015C.jpg,122901,456,0,576.38,520.73,710.91,649.15,0.67633307,0.3236669
B0011039C.jpg,69689,281,0,400.12,862.87,513.53,978.4,0.675876975,0.324123055
B0011029C.jpg,69673,845,0,441.26,810.62,610.0,997.19,0.67539531,0.32460472
B0010011C.jpg,65553,891,0,686.42,40.07,820.21,173.73,0.675353289,0.324646711
B003A014C.jpg,237588,173,0,566.53,249.78,744.86,444.16,0.675123453,0.324876577
B0009012C.jpg,36882,17,0,427.54,616.17,589.74,775.62,0.674655199,0.325344831
B0004029C.jpg,16425,408,0,797.1,1.63,917.4,111.4,0.674448133,0.325551838
B0005032C.jpg,20530,741,0,208.9,0.0,345.72,78.79,0.674274504,0.325725496
B0020007C.jpg,131079,54,0,130.46,71.56,266.29,218.02,0.673821568,0.326178461
B001F022C.jpg,127010,934,0,586.73,30.13,721.4,172.18,0.67282474,0.327175289
B0012026C.jpg,73766,38,0,597.4,702.39,748.61,849.31,0.672780037,0.327219933
B0018035C.jpg,98357,589,0,35.12,431.14,197.07,590.84,0.672626078,0.327373892
B002501FC.jpg,151583,529,0,879.92,109.6,993.85,218.12,0.672523201,0.327476799
B0018003C.jpg,98307,392,0,549.15,0.0,687.53,107.4,0.67250973,0.32749027
B001A020C.jpg,106528,541,0,177.38,202.17,376.46,403.85,0.672393858,0.327606142
B001901CC.jpg,102428,181,0,816.69,296.93,935.09,415.34,0.671734571,0.328265399
B0014009C.jpg,81929,41,0,608.71,393.99,740.29,525.91,0.671589553,0.328410447
B0015008C.jpg,86024,769,0,123.65,776.97,249.07,907.02,0.671327651,0.328672349
B000B016C.jpg,45078,298,0,503.21,762.19,625.97,893.62,0.67039305,0.32960701
B002C034C.jpg,180276,251,0,43.15,747.03,171.71,889.77,0.670314372,0.329685658
B003E01CC.jpg,253980,401,0,921.39,168.82,1024.0,264.23,0.670299053,0.329701006
B0002026C.jpg,8230,683,0,279.68,706.05,399.87,829.48,0.670216739,0.329783291
B0010037C.jpg,65591,441,0,762.81,248.48,875.54,362.58,0.670084119,0.329915911
B001A019C.jpg,106521,528,0,825.2,541.29,954.06,669.31,0.669206381,0.33079356
B003A02AC.jpg,237610,1,0,421.06,97.95,606.21,269.88,0.669166446,0.330833584
B0013003C.jpg,77827,662,0,867.92,830.91,990.65,954.95,0.669051468,0.330948532
B0021029C.jpg,135209,2,0,527.91,138.42,711.62,308.27,0.668955386,0.331044614
B0033020C.jpg,208928,927,0,205.82,907.57,341.13,1024.0,0.668457687,0.331542343
B0011036C.jpg,69686,361,0,776.26,442.39,909.26,556.42,0.667743504,0.332256436
B000601CC.jpg,24604,258,0,0.0,250.93,136.78,439.04,0.667430937,0.332569063
B0028018C.jpg,163864,870,0,0.0,247.21,102.03,348.05,0.667158365,0.332841635
B0027022C.jpg,159778,85,0,560.74,773.01,725.79,936.66,0.667124152,0.332875818
B000F016C.jpg,61462,703,0,0.0,502.67,72.64,638.23,0.667051971,0.332948059
B000502BC.jpg,20523,369,0,566.94,404.29,808.65,585.57,0.666923165,0.333076894
B0019018C.jpg,102424,311,0,187.04,286.89,317.88,430.0,0.666646421,0.333353579
B001602AC.jpg,90154,202,0,537.55,524.71,682.56,668.95,0.666495025,0.333505005
B002603CC.jpg,155708,827,0,428.86,831.03,570.64,985.01,0.666244268,0.333755761
B002900BC.jpg,167947,206,0,642.47,140.17,760.01,256.51,0.665919602,0.334080368
B0036032C.jpg,221234,117,0,133.86,353.82,264.55,500.34,0.665910125,0.334089875
B001001BC.jpg,65563,193,0,387.25,806.88,522.9,946.26,0.665566742,0.334433287
B001900BC.jpg,102411,490,0,592.84,55.69,716.86,205.36,0.665283203,0.334716827
B0022027C.jpg,139303,102,0,192.09,831.92,364.92,1015.01,0.664939046,0.335060924
B002D032C.jpg,184370,882,0,835.0,462.96,990.11,618.75,0.664606631,0.335393369
B0011025C.jpg,69669,337,0,378.68,151.25,505.5,284.19,0.664528906,0.335471123
B003D025C.jpg,249893,203,0,137.28,907.9,281.05,1024.0,0.66445291,0.33554709
B002D033C.jpg,184371,275,0,268.45,10.56,395.71,83.28,0.664357245,0.335642725
B0035025C.jpg,217125,217,0,865.13,603.02,999.41,743.82,0.664343715,0.335656315
B0016023C.jpg,90147,77,0,180.69,665.89,356.22,858.13,0.663794398,0.336205602
B001002BC.jpg,65579,390,0,136.4,135.36,289.39,296.5,0.663706601,0.336293399
B003201EC.jpg,204830,487,0,773.34,0.0,900.28,106.89,0.66364485,0.33635518
B0024025C.jpg,147493,3,0,728.53,179.84,938.09,369.97,0.662666678,0.337333322
B0010036C.jpg,65590,140,0,455.38,625.83,582.11,751.94,0.662479818,0.337520182
B0008034C.jpg,32820,78,0,920.68,0.0,1024.0,133.26,0.661885858,0.338114053
B000901CC.jpg,36892,108,0,59.2,906.04,192.99,1024.0,0.661850989,0.338149041
B002A009C.jpg,172041,220,0,956.46,232.28,1024.0,371.39,0.661699176,0.338300854
B003B022C.jpg,241698,798,0,383.81,241.32,507.65,373.22,0.661443293,0.338556647
B0029017C.jpg,167959,116,0,285.49,51.72,450.82,210.19,0.661364615,0.338635385
B002001CC.jpg,131100,812,0,150.69,768.89,292.13,899.73,0.661318362,0.338681668
B0015020C.jpg,86048,84,0,240.08,4.74,359.55,110.48,0.661120951,0.338879108
B000B029C.jpg,45097,331,0,705.47,750.15,827.95,885.55,0.661028028,0.338971972
B001500EC.jpg,86030,830,0,377.91,411.91,490.57,515.99,0.660422862,0.339577138
B0035028C.jpg,217128,80,0,592.38,896.01,688.97,1021.2,0.660401225,0.339598715
B001E022C.jpg,122914,723,0,201.44,290.93,302.65,391.6,0.66016531,0.33983469
B0013013C.jpg,77843,639,0,257.8,341.94,384.95,497.37,0.660139501,0.339860529
B0002023C.jpg,8227,267,0,111.29,765.14,260.61,927.16,0.65959841,0.34040159
B000E011C.jpg,57361,7,0,462.46,677.4,614.62,834.8,0.65953362,0.34046638
B003C030C.jpg,245808,216,0,25.36,284.74,185.3,442.73,0.659440935,0.340559095
B002B01AC.jpg,176154,74,0,0.0,518.24,127.68,695.03,0.65933764,0.340662301
B002202DC.jpg,139309,418,0,192.86,857.93,309.66,951.68,0.659316719,0.340683311
B003002BC.jpg,196651,316,0,172.24,748.39,315.74,885.95,0.659304678,0.340695292
B002A02CC.jpg,172076,719,0,720.57,373.14,828.51,473.7,0.659231722,0.340768188
B001401EC.jpg,81950,357,0,251.36,913.03,364.47,1020.13,0.659171045,0.340828925
B0018030C.jpg,98352,647,0,474.81,49.76,605.44,190.65,0.6590271,0.34097299
B002403DC.jpg,147517,284,0,525.3,770.46,626.2,863.98,0.658612609,0.341387421
B0017004C.jpg,94212,751,0,34.87,358.08,184.87,484.07,0.658572674,0.341427296
B0017008C.jpg,94216,638,0,577.02,660.84,723.52,840.1,0.658412337,0.341587603
B0014008C.jpg,81928,455,0,49.84,198.72,168.6,331.91,0.658403039,0.341596961
B003502FC.jpg,217135,105,0,600.39,519.39,772.61,686.56,0.658231735,0.341768295
B0014006C.jpg,81926,538,0,526.37,93.7,672.0,269.6,0.658050478,0.341949493
B0001029C.jpg,4137,214,0,0.0,446.45,109.36,613.99,0.658032119,0.341967881
B002400BC.jpg,147467,697,0,386.03,838.56,480.62,930.25,0.656793356,0.343206614
B001F00FC.jpg,126991,503,0,514.73,937.11,640.7,1014.21,0.656546474,0.343453556
B000801CC.jpg,32796,262,0,274.8,53.08,385.67,190.24,0.656482935,0.343517035
B001D02EC.jpg,118830,64,0,818.21,433.85,992.79,614.57,0.656439364,0.343560606
B0017030C.jpg,94256,325,0,652.37,650.93,780.95,788.8,0.656241715,0.343758225
B0017032C.jpg,94258,4,0,716.95,28.38,912.27,238.05,0.656033576,0.343966395
B001301EC.jpg,77854,65,0,760.12,782.87,903.26,926.97,0.655429125,0.344570875
B000E034C.jpg,57396,197,0,104.84,671.73,298.31,861.16,0.655211329,0.344788671
B0025021C.jpg,151585,505,0,829.32,498.28,981.27,648.82,0.65519464,0.34480527
B001D03BC.jpg,118843,166,0,347.72,420.96,494.23,589.75,0.654679477,0.345320493
B0016017C.jpg,90135,564,0,754.32,662.05,916.51,815.23,0.654663622,0.345336437
B0010030C.jpg,65584,341,0,689.77,288.59,801.83,421.91,0.654588997,0.345410973
B0026002C.jpg,155650,23,0,476.54,589.55,598.59,724.7,0.654475451,0.345524609
B003B025C.jpg,241701,457,0,596.6,728.26,750.03,905.21,0.65444988,0.34555009
B0036024C.jpg,221220,93,0,128.79,382.88,282.24,586.21,0.654395521,0.34560445
B0004016C.jpg,16406,515,0,298.22,646.72,408.51,758.71,0.654030144,0.345969826
B0025029C.jpg,151593,352,0,665.15,658.23,810.45,805.85,0.653908134,0.346091837
B001F003C.jpg,126979,712,0,537.65,838.41,665.84,970.16,0.653809369,0.346190691
B003202FC.jpg,204847,144,0,930.7,100.67,1023.75,235.06,0.653785408,0.346214563
B0036037C.jpg,221239,496,0,496.39,189.35,648.17,340.8,0.653371096,0.346628934
B002302AC.jpg,143402,678,0,932.07,928.4,1016.64,1016.81,0.653328836,0.346671075
B0026019C.jpg,155673,94,0,766.93,812.16,922.84,981.65,0.653241634,0.346758366
B001E029C.jpg,122921,45,0,375.39,730.71,528.9,897.25,0.653165162,0.346834868
B0021003C.jpg,135171,184,0,180.96,32.17,331.55,192.37,0.652975738,0.347024322
B0004026C.jpg,16422,596,0,561.4,39.01,738.47,204.44,0.652806044,0.347193956
B002601BC.jpg,155675,379,0,589.81,0.0,718.47,129.09,0.652684808,0.347315162
B0009022C.jpg,36898,315,0,282.13,627.66,419.68,748.13,0.652342737,0.347657263
B001603BC.jpg,90171,25,0,847.81,603.61,997.02,778.32,0.651949108,0.348050892
B001500DC.jpg,86029,159,0,765.08,437.06,947.52,583.56,0.65181917,0.348180801
B0030039C.jpg,196665,533,0,511.31,378.53,670.89,544.13,0.651555002,0.348444998
B0014036C.jpg,81974,733,0,686.87,387.02,797.53,502.26,0.651533008,0.348466992
B0021014C.jpg,135188,55,0,10.09,859.83,133.87,969.2,0.651515424,0.348484606
B003802FC.jpg,229423,916,0,6.77,344.11,93.67,497.92,0.651493311,0.348506689
B0005025C.jpg,20517,72,0,196.43,678.72,372.83,854.42,0.651315212,0.348684728
B003801CC.jpg,229404,890,0,31.55,938.01,149.99,1024.0,0.651201546,0.348798454
B002F029C.jpg,192553,447,0,592.94,864.41,749.13,1000.06,0.651192069,0.348807961
B001F02AC.jpg,127018,808,0,447.51,0.0,589.32,68.64,0.65113771,0.348862261
B003C020C.jpg,245792,474,0,115.69,583.31,252.55,744.91,0.651094615,0.348905414
B0033016C.jpg,208918,617,0,786.39,510.51,907.74,648.06,0.650928199,0.349071771
B002502EC.jpg,151598,239,0,6.42,79.91,97.08,175.94,0.65087539,0.349124581
B001F028C.jpg,127016,655,0,310.57,388.66,432.76,510.14,0.650790572,0.349209398
B0008033C.jpg,32819,836,0,906.85,945.99,1022.93,1011.24,0.650509059,0.34949103
B0024033C.jpg,147507,296,0,366.2,368.1,529.5,527.7,0.650324941,0.34967503
B0010027C.jpg,65575,97,0,498.45,701.01,641.64,838.2,0.649994135,0.350005835
B003E024C.jpg,253988,320,0,674.26,505.47,793.26,637.45,0.649925411,0.350074559
B0009032C.jpg,36914,107,0,510.41,182.01,681.11,362.42,0.649900079,0.350099921
B002C023C.jpg,180259,886,0,110.55,210.53,241.72,383.68,0.649871051,0.350128949
B003A029C.jpg,237609,195,0,466.12,470.34,583.19,591.14,0.649815261,0.350184768
B002F031C.jpg,192561,666,0,5.49,8.6,100.77,92.14,0.649811029,0.35018903
B002B028C.jpg,176168,135,0,736.9,32.8,911.47,198.03,0.649718642,0.350281388
B001603CC.jpg,90172,737,0,289.83,687.54,438.66,825.28,0.649689019,0.350311011
B001C02CC.jpg,114732,187,0,221.33,749.99,388.23,914.88,0.649591982,0.350408018
B000B022C.jpg,45090,698,0,896.62,916.57,1024.0,1024.0,0.649582863,0.350417107
B0013026C.jpg,77862,512,0,606.16,904.53,746.35,1024.0,0.64957279,0.35042724
B001600BC.jpg,90123,659,0,0.0,680.79,129.43,805.89,0.649447262,0.350552768
B0001021C.jpg,4129,387,0,481.82,387.38,602.1,502.73,0.649431348,0.350568652
B001501DC.jpg,86045,869,0,143.74,763.06,258.52,899.15,0.649272382,0.350727648
B003203AC.jpg,204858,400,0,306.46,0.0,437.2,122.35,0.649232447,0.350767493
B0031022C.jpg,200738,175,0,434.81,780.25,567.56,917.39,0.649164915,0.350835055
B002102AC.jpg,135210,630,0,868.49,0.0,996.69,67.06,0.648995459,0.351004511
B001C02DC.jpg,114733,900,0,202.94,112.21,339.17,245.62,0.648826182,0.351173848
B002B02BC.jpg,176171,297,0,779.55,316.48,907.36,435.4,0.648684919,0.351315051
B000A02AC.jpg,41002,702,0,929.75,112.95,1024.0,262.01,0.648656011,0.351343989
B0039033C.jpg,233523,558,0,0.0,741.73,126.2,888.76,0.647533834,0.352466196
B0031016C.jpg,200726,238,0,517.2,0.0,687.29,120.3,0.64744091,0.35255906
B001B033C.jpg,110643,746,0,36.89,506.37,205.77,669.25,0.647416592,0.352583438
B003500FC.jpg,217103,427,0,320.35,226.07,441.63,324.71,0.647327542,0.352672487
B0004024C.jpg,16420,732,0,895.99,184.03,1024.0,329.99,0.646615624,0.353384405
B0020030C.jpg,131120,508,0,786.22,255.29,976.8,442.71,0.646119893,0.353880167
B001B020C.jpg,110624,125,0,0.0,419.22,105.83,591.02,0.645997465,0.354002565
B000602EC.jpg,24622,878,0,31.23,611.01,152.13,711.9,0.645992994,0.354007035
B001702BC.jpg,94251,343,0,45.26,538.56,179.99,686.22,0.645907342,0.354092687
B001601BC.jpg,90139,864,0,36.44,447.15,177.18,609.67,0.645862997,0.354137003
B0031027C.jpg,200743,460,0,488.47,4.85,588.63,128.37,0.64572233,0.354277641
B001703BC.jpg,94267,372,0,489.02,49.65,601.3,188.96,0.645708084,0.354291975
B001C01BC.jpg,114715,595,0,852.76,910.01,996.21,1024.0,0.645412445,0.354587585
B000A02AC.jpg,41002,689,0,805.6,37.47,946.15,188.2,0.644813478,0.355186492
B000C00CC.jpg,49164,586,0,0.0,618.97,98.57,767.6,0.64475596,0.35524407
B000F019C.jpg,61465,865,0,79.08,0.0,205.76,110.65,0.644722104,0.355277896
B0001021C.jpg,4129,382,0,522.3,427.97,640.85,541.82,0.644691706,0.355308294
B001E010C.jpg,122896,266,0,443.5,394.44,625.55,579.93,0.644573927,0.355426103
B0022036C.jpg,139318,431,0,355.81,0.0,539.24,126.12,0.644539297,0.355460674
B000E027C.jpg,57383,763,0,661.25,606.85,781.04,741.27,0.644519031,0.355480969
B0031012C.jpg,200722,92,0,546.3,521.31,697.34,659.84,0.644465089,0.355534941
B0020032C.jpg,131122,491,0,138.27,37.99,234.78,132.58,0.644452453,0.355547577
B000A031C.jpg,41009,396,0,355.73,665.35,496.5,797.88,0.64440918,0.355590791
B002203DC.jpg,139325,8,0,807.94,728.76,991.76,899.16,0.644176722,0.355823249
B0030014C.jpg,196628,165,0,68.46,121.79,230.46,266.81,0.644138575,0.355861336
B000A010C.jpg,40976,411,0,761.96,46.1,890.62,187.64,0.64409411,0.35590595
B0031011C.jpg,200721,96,0,14.1,917.54,161.78,1019.9,0.643880129,0.356119841
B002C033C.jpg,180275,212,0,421.88,915.84,548.81,1024.0,0.643754065,0.356245935
B000B025C.jpg,45093,771,0,895.91,104.94,1024.0,253.85,0.643352807,0.356647193
B0026017C.jpg,155671,385,0,130.55,650.43,254.43,792.39,0.643194556,0.356805384
B0017028C.jpg,94248,138,0,318.9,118.2,422.19,239.57,0.6431669,0.356833071
B001C035C.jpg,114741,399,0,0.0,0.0,136.57,100.39,0.642908275,0.357091695
B0026025C.jpg,155685,137,0,131.34,47.16,262.0,178.79,0.642848432,0.357151568
B001502DC.jpg,86061,479,0,666.34,858.52,818.06,1003.6,0.642436326,0.357563645
B0012016C.jpg,73750,253,0,516.18,445.31,660.51,575.87,0.642387509,0.35761255
B001800CC.jpg,98316,677,0,186.93,276.24,319.19,411.75,0.642351151,0.357648879
B0025016C.jpg,151574,675,0,194.19,456.74,326.34,598.11,0.642104566,0.357895464
B002302BC.jpg,143403,16,0,738.91,568.85,889.14,737.19,0.641859114,0.358140916
B000B02AC.jpg,45098,844,0,383.79,538.97,510.54,669.82,0.641833007,0.358166963
B002301DC.jpg,143389,858,0,871.08,873.83,994.01,987.8,0.6416834,0.358316571
B000E02FC.jpg,57391,180,0,752.3,625.79,881.72,749.62,0.641677797,0.358322233
B0019005C.jpg,102405,48,0,15.74,839.48,156.25,1014.2,0.64166224,0.35833776
B0033026C.jpg,208934,407,0,264.89,861.85,391.01,996.29,0.641645789,0.358354241
B0015011C.jpg,86033,308,0,379.78,853.3,515.53,983.39,0.641628623,0.358371407
B0017016C.jpg,94230,179,0,83.1,351.88,196.71,482.0,0.641594648,0.358405381
B001701DC.jpg,94237,472,0,924.76,838.09,1024.0,991.95,0.641461611,0.358538359
B003A025C.jpg,237605,293,0,202.19,755.75,355.81,893.58,0.641446471,0.358553529
B003A023C.jpg,237603,236,0,287.18,142.0,418.64,282.6,0.641109228,0.358890712
B003D027C.jpg,249895,167,0,443.27,477.94,573.77,607.59,0.64080739,0.359192699
B0028002C.jpg,163842,504,0,299.01,832.41,399.67,933.01,0.640791476,0.359208554
B001D036C.jpg,118838,21,0,349.27,417.65,519.48,596.77,0.640647054,0.359352916
B001400AC.jpg,81930,813,0,598.22,147.07,699.33,267.0,0.64062345,0.35937655
B001C030C.jpg,114736,539,0,681.11,923.85,854.41,1024.0,0.640580714,0.359419316
B001100CC.jpg,69644,260,0,287.97,442.66,415.13,572.98,0.640259683,0.359740317
B000701AC.jpg,28698,543,0,416.32,11.58,619.58,220.03,0.63991189,0.36008814
B001D019C.jpg,118809,468,0,849.27,345.4,946.03,462.07,0.639860094,0.360139906
B0023011C.jpg,143377,897,0,598.8,455.72,718.38,582.17,0.639700115,0.360299885
B000E013C.jpg,57363,221,0,745.48,39.25,875.77,167.39,0.639669716,0.360330254
B0019028C.jpg,102440,318,0,494.15,822.31,632.9,963.51,0.63956356,0.36043641
B001503AC.jpg,86074,918,0,353.25,543.93,471.74,666.58,0.639527082,0.360472888
B001D01DC.jpg,118813,507,0,0.0,621.51,113.53,771.14,0.639507711,0.360492289
B0031026C.jpg,200742,245,0,74.46,417.09,193.44,567.36,0.639239371,0.36076057
B0015019C.jpg,86041,467,0,168.37,824.49,328.35,978.25,0.63875562,0.361244351
B001B029C.jpg,110633,174,0,838.67,162.48,945.12,268.54,0.638682842,0.361317158
B002B01AC.jpg,176154,484,0,530.28,31.67,669.2,168.44,0.63853085,0.361469209
B0010028C.jpg,65576,928,0,386.77,215.41,535.49,354.58,0.638458312,0.361541718
B000F016C.jpg,61462,554,0,94.12,409.77,240.86,561.61,0.638398826,0.361601144
B000402AC.jpg,16426,423,0,842.0,308.7,978.01,445.44,0.638282657,0.361717343
B001F016C.jpg,126998,302,0,126.09,54.36,254.66,187.33,0.637998879,0.362001091
B002902DC.jpg,167981,725,0,509.18,159.75,615.33,259.02,0.637983441,0.362016588
B0038021C.jpg,229409,770,0,315.7,944.99,444.73,1024.0,0.637874305,0.362125665
B001600EC.jpg,90126,99,0,546.17,693.04,640.64,784.44,0.637214303,0.362785727
B001902DC.jpg,102445,572,0,784.44,349.58,903.88,488.99,0.637088358,0.362911642
B002E00DC.jpg,188429,171,0,126.17,909.87,265.37,1024.0,0.636987507,0.363012522
B002E024C.jpg,188452,113,0,236.22,742.86,358.1,875.87,0.636828661,0.363171279
B0036010C.jpg,221200,793,0,133.65,536.04,257.81,667.35,0.636623502,0.363376588
B003A02DC.jpg,237613,114,0,797.78,735.4,986.05,914.67,0.636472762,0.363527179
B003F022C.jpg,258082,542,0,714.35,843.69,810.1,935.69,0.636098266,0.363901764
B0011023C.jpg,69667,169,0,664.23,466.27,792.1,593.77,0.635735154,0.364264816
B001F008C.jpg,126984,406,0,478.82,190.63,594.22,337.63,0.635468304,0.364531696
B0015011C.jpg,86033,766,0,894.8,605.69,1024.0,737.88,0.634886026,0.365113944
B0031038C.jpg,200760,611,0,158.44,945.85,278.76,1011.66,0.634636641,0.365363419
B000C009C.jpg,49161,829,0,836.94,300.92,965.41,421.36,0.634241998,0.365758002
B0030032C.jpg,196658,248,0,720.6,294.18,838.85,420.77,0.63417536,0.36582467
B0011016C.jpg,69654,469,0,620.06,906.11,755.64,1024.0,0.634156942,0.365843058
B003A01AC.jpg,237594,817,0,513.52,366.19,650.94,521.29,0.634041786,0.365958214
B0026019C.jpg,155673,156,0,423.01,22.9,554.91,174.16,0.633816004,0.366183966
B0035012C.jpg,217106,559,0,300.42,7.64,453.21,94.5,0.633669555,0.366330475
B003201DC.jpg,204829,412,0,596.08,548.16,721.83,673.87,0.633644462,0.366355538
B0018022C.jpg,98338,201,0,0.0,499.27,130.93,652.97,0.633298516,0.366701514
B000C021C.jpg,49185,475,0,447.09,353.46,586.38,493.33,0.633152664,0.366847306
B001A02FC.jpg,106543,634,0,244.65,214.75,365.96,341.1,0.633119285,0.366880715
B0032013C.jpg,204819,610,0,129.12,301.15,267.38,425.88,0.633073568,0.366926402
B002F025C.jpg,192549,656,0,696.21,707.18,812.86,830.84,0.632219553,0.367780477
B000F02DC.jpg,61485,658,0,37.06,165.68,185.82,332.99,0.632159233,0.367840797
B002E012C.jpg,188434,635,0,61.03,841.08,239.89,949.65,0.63193047,0.3680695
B0019016C.jpg,102422,537,0,457.21,669.51,591.44,806.01,0.631810486,0.368189484
B001302BC.jpg,77867,364,0,729.03,280.9,873.13,438.07,0.631589532,0.368410438
B003101EC.jpg,200734,218,0,909.81,462.31,1024.0,597.32,0.631532729,0.368467301
B0020037C.jpg,131127,461,0,853.0,403.05,975.77,524.17,0.631100237,0.368899852
B0023003C.jpg,143363,101,0,717.52,633.66,936.13,830.9,0.630894125,0.369105875
B0018023C.jpg,98339,326,0,839.78,792.54,951.97,889.33,0.630547225,0.369452775
B0019035C.jpg,102453,517,0,0.0,851.51,105.55,986.75,0.630173266,0.369826704
B001C00EC.jpg,114702,368,0,855.78,2.21,969.81,88.66,0.630119085,0.369880915
B002A018C.jpg,172056,478,0,167.68,916.37,331.76,1024.0,0.629968345,0.370031714
B003401AC.jpg,213018,810,0,278.91,297.92,399.64,421.37,0.629786134,0.370213896
B001B005C.jpg,110597,273,0,297.51,240.08,430.01,410.72,0.629603863,0.370396167
B001F03BC.jpg,127035,716,0,133.17,410.49,264.71,552.83,0.629542291,0.370457768
B002C02AC.jpg,180266,854,0,718.42,0.0,873.19,63.91,0.62930125,0.37069878
B001E00FC.jpg,122895,324,0,116.89,113.71,255.08,262.85,0.629176915,0.370823115
B002D00CC.jpg,184332,68,0,175.23,346.54,396.56,559.51,0.628914654,0.371085316
B001B02BC.jpg,110635,682,0,133.61,530.3,262.5,662.98,0.628809512,0.371190459
B002E031C.jpg,188465,413,0,883.8,130.87,1024.0,297.18,0.628773868,0.371226132
B003D022C.jpg,249890,565,0,130.9,304.09,289.5,437.97,0.628744364,0.371255606
B002902DC.jpg,167981,425,0,470.04,199.61,574.82,297.75,0.628620923,0.371379107
B002D02FC.jpg,184367,660,0,503.68,426.87,643.93,573.24,0.628560841,0.371439159
B003002BC.jpg,196651,549,0,213.97,875.08,360.58,997.67,0.628303707,0.371696264
B002D009C.jpg,184329,710,0,468.5,504.99,602.65,639.45,0.62788403,0.37211597
B0012006C.jpg,73734,209,0,756.63,821.3,907.13,969.0,0.627821386,0.372178555
B003901BC.jpg,233499,825,0,277.4,181.59,437.2,353.18,0.627382874,0.372617096
B003D018C.jpg,249880,317,0,674.21,694.03,819.32,795.15,0.627318621,0.372681379
B0021036C.jpg,135222,39,0,286.79,725.96,438.42,886.61,0.627191901,0.372808129
B001F006C.jpg,126982,244,0,267.11,141.44,421.91,289.15,0.626987338,0.373012602
B000C01BC.jpg,49179,232,0,654.42,129.48,808.43,275.81,0.626969278,0.373030752
B001B021C.jpg,110625,898,0,530.2,687.68,667.42,828.88,0.626954734,0.373045236
B0034031C.jpg,213041,654,0,844.0,203.92,972.24,330.5,0.626934409,0.373065561
B001202EC.jpg,73774,307,0,708.37,115.98,844.81,257.75,0.626742423,0.373257548
B000802FC.jpg,32815,857,0,604.64,594.1,732.35,727.92,0.626696169,0.373303801
B001C002C.jpg,114690,60,0,282.27,150.99,410.95,276.97,0.626485944,0.373514026
B0005011C.jpg,20497,573,0,758.96,692.87,892.2,837.69,0.62648356,0.37351644
B001903BC.jpg,102459,913,0,79.94,300.4,194.36,422.89,0.626437366,0.373562604
B003B024C.jpg,241700,726,0,309.85,306.38,433.57,438.43,0.626259744,0.373740256
B0028007C.jpg,163847,106,0,461.57,56.72,598.48,207.55,0.626210332,0.373789638
B002E023C.jpg,188451,906,0,364.44,435.57,535.5,583.5,0.626019061,0.37398091
B0017027C.jpg,94247,631,0,0.0,130.27,114.05,317.96,0.625949681,0.374050349
B000C02FC.jpg,49199,141,0,427.08,255.43,594.88,441.61,0.625716031,0.374284029
B002503CC.jpg,151612,127,0,376.2,714.82,498.4,842.05,0.625418842,0.374581128
B001601FC.jpg,90143,777,0,316.7,0.0,485.93,69.52,0.625269651,0.374730259
B002F01FC.jpg,192543,61,0,843.24,129.05,975.26,274.1,0.625037313,0.374962747
B0002019C.jpg,8217,727,0,792.24,860.01,906.0,986.94,0.624958038,0.375041932
B0001028C.jpg,4136,66,0,193.54,667.13,369.96,829.69,0.624877036,0.375122994
B0018011C.jpg,98321,914,0,48.46,569.35,176.33,707.87,0.624583483,0.375416517
B0037033C.jpg,225331,377,0,10.21,63.63,165.0,197.25,0.62446171,0.37553829
B002C03BC.jpg,180283,510,0,21.58,416.05,197.79,604.92,0.62443763,0.37556237
B003902AC.jpg,233514,43,0,811.34,442.3,945.24,562.4,0.624248922,0.375751168
B001402FC.jpg,81967,419,0,110.87,121.98,291.85,296.01,0.624031901,0.375968099
B0017017C.jpg,94231,350,0,519.37,157.69,612.47,265.74,0.624001563,0.375998378
B0035010C.jpg,217104,287,0,258.06,634.86,428.72,823.76,0.623846292,0.376153737
B002F015C.jpg,192533,608,0,126.57,413.84,304.51,606.86,0.623576581,0.376423389
B003C00EC.jpg,245774,601,0,769.52,0.0,885.7,102.96,0.623327374,0.376672626
B0014005C.jpg,81925,784,0,502.14,182.46,643.62,340.54,0.622851133,0.377148896
B003E02AC.jpg,253994,194,0,201.74,640.15,342.7,800.37,0.622677386,0.377322614
B001E028C.jpg,122920,629,0,869.73,603.36,1000.02,747.05,0.622503698,0.377496302
B0010019C.jpg,65561,104,0,914.51,199.23,1024.0,367.32,0.622131944,0.377868026
B000B031C.jpg,45105,112,0,739.69,434.02,906.65,577.82,0.622078598,0.377921432
B001501DC.jpg,86045,252,0,825.83,512.22,970.81,683.65,0.621991694,0.378008336
B001200AC.jpg,73738,237,0,106.78,178.82,299.75,363.4,0.621751189,0.378248811
B0028021C.jpg,163873,525,0,701.62,452.95,830.69,547.96,0.621750653,0.378249377
B0034012C.jpg,213010,691,0,353.01,694.62,485.64,850.85,0.621516585,0.378483415
B001900AC.jpg,102410,872,0,480.28,630.02,593.53,750.21,0.621280432,0.378719509
B001502EC.jpg,86062,256,0,0.0,84.99,130.93,271.11,0.621068895,0.378931105
B001C00CC.jpg,114700,555,0,763.05,0.0,898.69,109.39,0.621038616,0.378961384
B0005018C.jpg,20504,62,0,593.08,207.55,749.14,355.84,0.620766759,0.379233241
B0026007C.jpg,155655,744,0,399.64,127.27,491.88,242.78,0.62026155,0.37973845
B003501CC.jpg,217116,470,0,534.44,282.51,640.85,381.91,0.620211244,0.379788667
B0037013C.jpg,225299,782,0,21.82,600.16,162.44,743.85,0.620011151,0.379988879
B0012024C.jpg,73764,815,0,603.65,865.42,736.04,1001.82,0.619913042,0.380086958
B001A030C.jpg,106544,272,0,512.43,458.9,641.19,593.59,0.619735956,0.380264133
B0022013C.jpg,139283,492,0,270.77,350.88,429.67,535.7,0.619627178,0.380372852
B003B019C.jpg,241689,250,0,735.02,778.68,867.5,896.88,0.619602382,0.380397588
B0032011C.jpg,204817,226,0,653.02,434.0,784.26,550.27,0.61953187,0.380468071
B000201CC.jpg,8220,205,0,12.53,172.65,191.7,374.84,0.619158208,0.380841821
B003302FC.jpg,208943,887,0,709.1,520.86,846.46,663.01,0.619107962,0.380892038
B001E014C.jpg,122900,605,0,624.74,933.39,756.72,1024.0,0.619050264,0.380949676
B0006026C.jpg,24614,353,0,299.67,334.84,431.06,469.33,0.618597269,0.381402701
B0013022C.jpg,77858,700,0,857.85,586.48,1000.8,730.41,0.618542671,0.381457359
B000E007C.jpg,57351,463,0,666.73,13.74,796.52,194.0,0.618451416,0.381548643
B001B010C.jpg,110608,44,0,738.2,262.24,934.55,448.25,0.618436813,0.381563187
B002B00CC.jpg,176140,708,0,814.79,117.28,954.65,248.25,0.61820811,0.381791919
B001002AC.jpg,65578,360,0,620.11,422.84,752.03,567.3,0.617984474,0.382015586
B003D01EC.jpg,249886,190,0,429.92,356.33,603.85,536.05,0.617951453,0.382048607
B002401CC.jpg,147484,557,0,794.93,5.56,990.9,101.37,0.617933869,0.38206616
B000D024C.jpg,53284,908,0,685.02,602.1,819.33,743.07,0.617922485,0.382077545
B0023014C.jpg,143380,416,0,179.22,673.29,349.84,854.15,0.617833376,0.382166594
B0004015C.jpg,16405,40,0,700.62,676.02,850.24,831.96,0.617373884,0.382626116
B0035032C.jpg,217138,69,0,229.96,532.13,368.71,664.21,0.61735785,0.38264209
B000D02CC.jpg,53292,63,0,432.41,847.83,559.8,987.11,0.617353797,0.382646203
B0011033C.jpg,69683,853,0,758.25,942.35,933.35,1012.63,0.617137074,0.382862896
B002D024C.jpg,184356,645,0,2.6,465.43,215.8,697.8,0.617119312,0.382880628
B0038034C.jpg,229428,636,0,0.0,205.45,131.42,356.46,0.61693716,0.38306281
B0020006C.jpg,131078,14,0,742.14,68.73,885.89,200.6,0.616855502,0.383144468
B0018029C.jpg,98345,674,0,2.94,84.21,112.45,186.09,0.616798341,0.383201689
B000F030C.jpg,61488,560,0,529.91,470.46,660.63,608.61,0.616646111,0.383353949
B002701EC.jpg,159774,336,0,636.43,763.84,755.05,886.74,0.616524518,0.383475393
B0018020C.jpg,98336,134,0,275.91,0.0,406.79,94.29,0.616393447,0.383606583
B002C00FC.jpg,180239,520,0,461.77,530.94,582.86,672.92,0.616309583,0.383690476
B0018010C.jpg,98320,899,0,800.94,204.65,943.14,350.29,0.615773261,0.384226739
B0035010C.jpg,217104,852,0,435.92,32.51,633.91,216.81,0.615403175,0.384596825
B000D008C.jpg,53256,215,0,589.57,359.32,749.64,523.67,0.61526525,0.38473472
B001C004C.jpg,114692,295,0,437.86,739.61,585.39,875.63,0.61501503,0.384985
B003C029C.jpg,245801,146,0,689.56,72.06,823.91,204.17,0.614807963,0.385192096
B001E030C.jpg,122928,498,0,138.65,377.88,266.94,521.7,0.61469543,0.38530466
B0020031C.jpg,131121,868,0,0.0,538.84,59.03,658.7,0.614361167,0.385638893
B002C00EC.jpg,180238,246,0,573.34,205.2,708.43,341.26,0.614312708,0.385687381
B001E036C.jpg,122934,563,0,600.41,40.62,708.17,170.77,0.614072025,0.385928035
B000A026C.jpg,40998,752,0,242.65,929.08,450.23,1024.0,0.613511145,0.386488885
B002F03AC.jpg,192570,109,0,868.4,783.7,996.12,916.66,0.613322973,0.386676997
B0007014C.jpg,28692,118,0,204.19,595.44,339.48,731.47,0.613202453,0.386797547
B0010039C.jpg,65593,722,0,770.41,722.39,892.74,817.7,0.612616301,0.38738367
B0006023C.jpg,24611,664,0,467.6,290.31,608.53,427.59,0.61259824,0.38740176
B001F005C.jpg,126981,671,0,757.66,444.61,891.95,593.72,0.612429261,0.387570679
B002600BC.jpg,155659,792,0,550.61,638.49,661.1,739.76,0.612363219,0.387636811
B000A01AC.jpg,40986,796,0,837.47,332.62,975.51,478.27,0.612354159,0.3876459
B000F017C.jpg,61463,709,0,787.75,294.09,901.64,396.29,0.612110853,0.387889177
B0033025C.jpg,208933,199,0,207.21,189.33,325.17,324.27,0.611983359,0.388016641
B0013008C.jpg,77832,523,0,46.92,292.21,205.09,434.85,0.611903012,0.388097018
B003302AC.jpg,208938,567,0,193.46,1.04,293.42,93.12,0.611834109,0.388165861
B0004029C.jpg,16425,499,0,911.71,192.96,1024.0,325.42,0.611731172,0.388268828
B001B00EC.jpg,110606,309,0,917.53,825.3,1024.0,972.79,0.611721039,0.388278902
B002C009C.jpg,180233,398,0,0.0,214.44,134.33,366.06,0.611649454,0.388350517
B0034030C.jpg,213040,738,0,941.5,406.86,1013.66,570.59,0.611474454,0.388525516
B000601FC.jpg,24607,494,0,598.6,919.41,748.07,1024.0,0.611110985,0.388889015
B0022002C.jpg,139266,651,0,190.83,781.93,339.18,926.16,0.610925317,0.389074683
B002A018C.jpg,172056,862,0,860.28,300.51,1008.35,445.44,0.61087501,0.38912499
B0036031C.jpg,221233,402,0,699.49,278.47,832.56,421.31,0.610668838,0.389331102
B000E00FC.jpg,57359,381,0,155.4,127.19,413.73,304.56,0.610565066,0.389434993
B002100CC.jpg,135180,552,0,609.4,467.42,731.74,593.02,0.61040014,0.389599919
B000D00AC.jpg,53258,110,0,442.56,348.83,566.31,487.74,0.609907508,0.390092492
B002702DC.jpg,159789,458,0,63.95,884.57,183.84,985.66,0.609785676,0.390214294
B0029016C.jpg,167958,149,0,35.14,102.04,165.62,241.91,0.609744251,0.39025569
B000D034C.jpg,53300,322,0,681.82,282.99,791.14,390.96,0.6096403,0.39035964
B003B033C.jpg,241715,889,0,923.81,395.27,1024.0,494.82,0.60956049,0.39043957
B002000EC.jpg,131086,358,0,269.13,896.95,426.79,1024.0,0.609501541,0.390498459
B003A01AC.jpg,237594,779,0,617.3,295.21,737.88,427.99,0.60949403,0.39050591
B0005034C.jpg,20532,282,0,59.05,501.81,193.32,679.57,0.609171271,0.390828729
B0027034C.jpg,159796,739,0,470.24,493.72,665.91,693.53,0.608705938,0.391294062
B003101AC.jpg,200730,46,0,145.02,510.22,282.04,644.73,0.607932866,0.392067164
B0004018C.jpg,16408,88,0,481.28,802.16,596.46,946.99,0.607564986,0.392434984
B0028024C.jpg,163876,47,0,507.34,249.01,663.53,408.96,0.607203424,0.392796606
B001C034C.jpg,114740,338,0,837.48,522.63,998.46,682.04,0.6070351,0.392964929
B001D02BC.jpg,118827,920,0,0.0,765.97,106.06,894.26,0.607026815,0.392973185
B0032034C.jpg,204852,139,0,571.09,755.51,762.91,934.74,0.606916904,0.393083125
B001500AC.jpg,86026,161,0,849.67,370.73,995.52,516.18,0.606701672,0.393298328
B0034018C.jpg,213016,362,0,740.63,25.52,890.87,182.97,0.606529176,0.393470854
B002F007C.jpg,192519,758,0,146.32,775.22,261.18,928.19,0.606375933,0.393624038
B002B03AC.jpg,176186,121,0,531.67,689.14,669.73,839.23,0.605932593,0.394067407
B001701AC.jpg,94234,152,0,765.35,186.49,949.87,365.57,0.605596542,0.394403487
B001802FC.jpg,98351,37,0,390.88,365.07,527.02,498.56,0.605489552,0.394510418
B000D013C.jpg,53267,310,0,788.26,660.84,914.52,792.2,0.605118454,0.394881546
B000F014C.jpg,61460,590,0,223.17,771.39,360.25,902.11,0.605027795,0.394972235
B000C029C.jpg,49193,278,0,216.22,528.6,334.0,650.33,0.605021238,0.394978762
B001F00EC.jpg,126990,791,0,683.45,579.67,847.52,768.21,0.604683459,0.395316511
B000A022C.jpg,40994,347,0,202.56,350.95,320.39,479.22,0.604406714,0.395593315
B002103FC.jpg,135231,436,0,269.34,205.66,391.49,337.75,0.60388124,0.39611876
B003102AC.jpg,200746,831,0,3.17,9.89,114.08,87.15,0.603525996,0.396474004
B001C004C.jpg,114692,785,0,811.25,216.34,968.84,371.83,0.603523612,0.396476388
B002301BC.jpg,143387,351,0,440.68,89.24,605.78,291.83,0.603048086,0.396951944
B0017015C.jpg,94229,896,0,626.38,132.75,755.0,282.14,0.602830827,0.397169203
B002E032C.jpg,188466,838,0,515.49,0.0,664.84,121.5,0.602786362,0.397213608
B0018007C.jpg,98311,81,0,495.61,585.73,701.64,785.45,0.602661431,0.397338539
B0012036C.jpg,73782,774,0,0.0,799.64,109.22,995.72,0.602463186,0.397536844
B0027036C.jpg,159798,443,0,453.89,767.12,578.29,894.93,0.602409422,0.397590518
B0017012C.jpg,94226,435,0,840.53,808.82,986.52,953.22,0.602340817,0.397659153
B0003031C.jpg,12337,18,0,279.35,114.7,470.08,294.58,0.602335811,0.39766416
B0029028C.jpg,167976,799,0,712.38,457.25,818.08,559.51,0.602218986,0.397780985
B0024036C.jpg,147510,597,0,204.71,691.36,332.06,828.25,0.602142394,0.397857577
B000B036C.jpg,45110,160,0,526.54,422.23,694.4,605.5,0.601997375,0.398002654
B0037035C.jpg,225333,713,0,655.57,662.32,812.22,803.14,0.601706922,0.398293078
B000C011C.jpg,49169,95,0,513.59,266.23,670.19,446.94,0.601679146,0.398320884
B001D028C.jpg,118824,822,0,259.23,864.07,404.03,970.14,0.60152036,0.39847964
B002102DC.jpg,135213,219,0,690.28,753.53,836.68,911.95,0.600885093,0.399114907
B000E02CC.jpg,57388,619,0,897.03,828.63,1024.0,973.57,0.600844383,0.399155587
B0032022C.jpg,204834,346,0,0.0,46.13,121.88,200.96,0.600814044,0.399185956
B001B013C.jpg,110611,773,0,679.19,371.95,818.99,493.91,0.600723863,0.399276137
B002100DC.jpg,135181,749,0,909.08,458.13,1018.91,572.43,0.600514352,0.399485618
B000E019C.jpg,57369,930,0,8.61,3.5,87.09,106.77,0.600390434,0.399609536
B0022025C.jpg,139301,522,0,215.15,68.05,339.75,196.92,0.600162506,0.399837434
B0001025C.jpg,4133,327,0,443.13,777.45,563.25,898.49,0.599899769,0.400100201
B001B017C.jpg,110615,760,0,17.23,425.18,190.24,597.4,0.599856973,0.400143027
B003100CC.jpg,200716,736,0,0.0,856.41,111.76,998.42,0.59962815,0.400371879
B0015014C.jpg,86036,816,0,436.71,589.39,593.55,750.9,0.599596858,0.400403202
B0006026C.jpg,24614,233,0,421.77,302.11,563.17,462.57,0.599559784,0.400440246
B002B016C.jpg,176150,754,0,826.19,594.04,948.1,715.96,0.599361837,0.400638163
B0021019C.jpg,135193,241,0,828.09,625.31,953.94,750.55,0.59932214,0.40067783
B001402BC.jpg,81963,591,0,66.62,0.0,204.03,112.84,0.599265218,0.400734752
B000C02DC.jpg,49197,534,0,116.54,348.12,288.82,515.04,0.598932147,0.401067883
B002C004C.jpg,180228,583,0,753.12,168.5,881.44,268.62,0.598892331,0.401107728
B003100BC.jpg,200715,71,0,45.06,495.16,192.56,708.86,0.598087609,0.401912451
B001F02FC.jpg,127023,280,0,761.82,128.32,905.46,269.35,0.59792012,0.40207991
B001B02BC.jpg,110635,800,0,876.65,449.77,977.05,548.9,0.597790897,0.402209073
B001702AC.jpg,94250,305,0,784.12,189.9,905.55,336.78,0.597398162,0.402601838
B0007018C.jpg,28696,255,0,301.15,64.9,436.29,198.7,0.597216308,0.402783632
B0018039C.jpg,98361,363,0,585.86,747.0,723.17,889.64,0.595650911,0.404349118
B002B02FC.jpg,176175,748,0,738.71,497.32,893.19,673.71,0.595593095,0.404406905
B0028009C.jpg,163849,625,0,704.53,82.79,825.28,192.59,0.595470905,0.404529095
B0026022C.jpg,155682,574,0,772.26,585.73,906.59,707.17,0.595125377,0.404874623
B0021006C.jpg,135174,89,0,127.7,343.1,259.82,504.47,0.595112443,0.404887557
B001400BC.jpg,81931,265,0,258.45,649.66,474.98,865.97,0.59508276,0.40491727
B000F006C.jpg,61446,762,0,25.37,943.21,153.79,1024.0,0.59467262,0.405327439
B0006034C.jpg,24628,185,0,417.27,780.56,563.16,1001.68,0.594360769,0.405639291
B000B02EC.jpg,45102,745,0,312.24,620.91,439.63,738.78,0.593535483,0.406464517
B002D013C.jpg,184339,130,0,253.07,426.81,399.08,582.24,0.593432605,0.406567425
B0009019C.jpg,36889,706,0,547.86,199.33,692.6,347.59,0.593007803,0.406992227
B0020027C.jpg,131111,919,0,592.26,10.08,790.8,228.77,0.59254384,0.4074561
B003102EC.jpg,200750,75,0,134.34,127.77,284.72,251.53,0.592262089,0.407737911
B001D009C.jpg,118793,640,0,669.85,110.07,850.99,305.9,0.592204392,0.407795608
B000502CC.jpg,20524,53,0,454.18,510.93,629.87,681.45,0.591926634,0.408073395
B0019010C.jpg,102416,482,0,904.97,775.9,1024.0,900.96,0.591844261,0.408155739
B0021013C.jpg,135187,442,0,377.64,376.13,509.87,521.38,0.591671109,0.408328861
B0030018C.jpg,196632,339,0,169.3,413.48,346.75,627.86,0.591540277,0.408459663
B0010031C.jpg,65585,835,0,209.06,526.5,345.94,672.24,0.591098249,0.408901751
B002D034C.jpg,184372,261,0,602.91,14.43,775.07,200.41,0.59097451,0.40902549
B002F00DC.jpg,192525,902,0,703.26,670.67,852.42,823.51,0.590942621,0.409057438
B0002016C.jpg,8214,553,0,657.79,729.21,869.38,935.25,0.59070909,0.409290969
B0036011C.jpg,221201,593,0,274.91,736.56,433.58,905.26,0.5905931,0.40940699
B0015005C.jpg,86021,847,0,0.0,69.33,125.3,279.37,0.590063512,0.409936458
B003C019C.jpg,245785,283,0,436.67,33.67,564.5,172.89,0.58978343,0.41021657
B000E032C.jpg,57394,692,0,359.41,852.48,487.57,1017.91,0.589471638,0.410528362
B000301BC.jpg,12315,198,0,321.86,21.68,496.05,202.78,0.589439154,0.410560817
B003A013C.jpg,237587,686,0,355.37,381.57,502.07,523.68,0.588576496,0.411423534
B003902EC.jpg,233518,344,0,235.91,138.74,351.9,263.46,0.588513553,0.411486447
B002701AC.jpg,159770,178,0,347.06,577.48,489.05,744.19,0.58839041,0.41160956
B0018016C.jpg,98326,207,0,698.47,729.29,855.76,884.86,0.588230073,0.411769927
B001A01DC.jpg,106525,323,0,81.53,195.63,200.05,319.74,0.587085307,0.412914664
B001100EC.jpg,69646,787,0,260.05,430.02,410.29,571.71,0.586959481,0.413040519
B002900FC.jpg,167951,818,0,932.06,689.87,1024.0,838.91,0.586576462,0.413423479
B000702BC.jpg,28715,684,0,668.51,0.0,804.07,62.65,0.586131454,0.413868487
B000D00FC.jpg,53263,365,0,478.99,482.58,673.75,704.65,0.58610642,0.41389361
B0021022C.jpg,135202,848,0,430.23,380.77,573.14,526.56,0.5857867,0.4142133
B001C023C.jpg,114723,892,0,25.57,828.81,146.76,974.68,0.585780144,0.414219916
B0017019C.jpg,94233,257,0,911.91,68.23,1019.31,192.62,0.585494518,0.414505541
B001903EC.jpg,102462,513,0,535.37,508.65,690.23,677.93,0.585186183,0.414813846
B001D027C.jpg,118823,462,0,678.76,74.39,793.0,218.17,0.585138857,0.414861172
B003B00CC.jpg,241676,707,0,649.92,469.12,869.8,687.53,0.584999561,0.415000439
B003000EC.jpg,196622,776,0,912.31,510.19,1024.0,632.5,0.584968269,0.415031642
B0017030C.jpg,94256,618,0,557.09,562.87,679.06,710.12,0.584739923,0.415260017
B000E017C.jpg,57367,367,0,760.87,398.89,940.34,620.44,0.584270298,0.415729761
B003A033C.jpg,237619,536,0,648.67,119.87,816.32,286.68,0.584196866,0.415803105
B001101EC.jpg,69662,620,0,582.07,106.26,758.07,307.69,0.58413744,0.41586256
B000E009C.jpg,57353,403,0,0.0,119.73,115.48,295.57,0.584052563,0.415947437
B0030027C.jpg,196647,641,0,459.99,797.26,575.69,918.03,0.58332485,0.41667515
B0038016C.jpg,229398,718,0,829.48,678.14,1008.71,836.4,0.58325398,0.41674611
B001A021C.jpg,106529,433,0,515.96,597.97,663.47,737.08,0.582877338,0.417122662
B0032028C.jpg,204840,189,0,20.23,95.44,193.53,249.46,0.582695842,0.417304158
B0018019C.jpg,98329,473,0,727.77,840.19,880.29,980.55,0.582276642,0.417723328
B0010006C.jpg,65542,335,0,638.31,612.26,761.02,719.01,0.582084656,0.417915404
B0009013C.jpg,36883,509,0,23.75,673.58,230.16,862.95,0.581716716,0.418283284
B0012006C.jpg,73734,911,0,434.11,170.69,602.93,350.82,0.581294596,0.418705344
B0003028C.jpg,12328,424,0,41.9,12.25,205.35,206.61,0.580762446,0.419237554
B0008029C.jpg,32809,540,0,208.19,842.84,336.75,977.67,0.580505073,0.419494897
B0018013C.jpg,98323,650,0,187.94,371.42,324.91,527.2,0.580491126,0.419508785
B0029011C.jpg,167953,833,0,13.31,0.0,133.04,103.89,0.580402017,0.419597954
B0021034C.jpg,135220,124,0,24.49,202.38,172.26,342.9,0.579836309,0.420163631
B0018027C.jpg,98343,285,0,446.38,291.65,574.16,437.32,0.579226017,0.420774013
B0021018C.jpg,135192,445,0,596.76,223.38,751.13,369.25,0.579080045,0.420919925
B001F039C.jpg,127033,151,0,373.58,636.85,523.62,877.3,0.578902125,0.421097875
B000C00BC.jpg,49163,877,0,422.11,0.0,535.2,87.8,0.578486681,0.42151323
B002800BC.jpg,163851,873,0,110.79,672.66,273.3,842.81,0.57791692,0.42208308
B001A03BC.jpg,106555,115,0,188.98,662.21,363.49,852.14,0.57762599,0.42237407
B0016034C.jpg,90164,168,0,207.45,119.52,345.58,263.35,0.577311277,0.422688723
B001D021C.jpg,118817,750,0,639.16,334.04,830.26,553.61,0.577049673,0.422950327
B0027026C.jpg,159782,471,0,744.92,517.89,890.33,663.97,0.576974869,0.423025042
B0037032C.jpg,225330,279,0,338.22,115.78,517.26,298.16,0.576868713,0.423131257
B002000CC.jpg,131084,912,0,533.03,540.21,665.81,672.41,0.574980974,0.425019026
B0037016C.jpg,225302,76,0,251.5,500.87,401.51,615.8,0.574798167,0.425201774
B001B02AC.jpg,110634,100,0,346.78,285.39,497.88,443.54,0.574626744,0.425373226
B000A015C.jpg,40981,871,0,384.01,613.2,518.57,751.04,0.5743801,0.42561987
B000D01FC.jpg,53279,119,0,111.73,136.32,262.71,285.35,0.57425797,0.425742
B002D021C.jpg,184353,254,0,751.15,325.39,898.39,449.4,0.574190915,0.425809085
B001C02EC.jpg,114734,923,0,918.12,448.34,1024.0,584.26,0.574147522,0.425852478
B000E01EC.jpg,57374,828,0,672.53,513.22,788.37,643.13,0.573957503,0.426042557
B0029020C.jpg,167968,622,0,0.0,125.23,101.98,273.67,0.573797822,0.426202178
B0016036C.jpg,90166,393,0,226.36,372.61,340.61,490.15,0.573692083,0.426307887
B002000BC.jpg,131083,36,0,372.59,417.8,657.98,658.6,0.573476255,0.426523745
B0033011C.jpg,208913,837,0,438.31,524.73,581.81,655.54,0.57272321,0.42727676
B003A032C.jpg,237618,518,0,271.75,24.44,409.67,194.44,0.5724805,0.42751956
B002A025C.jpg,172069,648,0,91.33,185.11,311.36,413.16,0.572305441,0.427694529
B0011028C.jpg,69672,933,0,648.96,280.32,813.37,426.45,0.571542621,0.42845729
B000C023C.jpg,49187,131,0,801.41,515.6,963.83,659.86,0.571541607,0.428458393
B0006013C.jpg,24595,147,0,802.93,530.53,947.2,666.28,0.571457326,0.428542733
B000202AC.jpg,8234,188,0,68.51,746.93,303.16,924.85,0.571430981,0.428569019
B001E00EC.jpg,122894,22,0,800.45,808.96,959.95,967.86,0.570535481,0.429464489
B003C034C.jpg,245812,176,0,125.26,169.22,285.06,359.39,0.570473671,0.429526269
B000F032C.jpg,61490,249,0,598.67,820.74,729.7,955.72,0.570217729,0.429782182
B0025033C.jpg,151603,548,0,793.95,746.02,1024.0,958.83,0.570094705,0.429905266
B001E035C.jpg,122933,875,0,695.72,201.86,817.12,337.99,0.569883704,0.430116326
B0011020C.jpg,69664,547,0,647.35,520.01,749.14,630.31,0.569745898,0.430254072
B002A01EC.jpg,172062,158,0,525.15,110.1,652.05,252.68,0.569649398,0.430350631
B001400FC.jpg,81935,679,0,0.0,736.48,108.36,879.53,0.56939131,0.43060872
B002A034C.jpg,172084,234,0,700.05,600.1,817.41,727.72,0.569130361,0.430869669
B001200EC.jpg,73742,527,0,384.97,537.16,508.06,667.34,0.569039404,0.430960536
B0014020C.jpg,81952,277,0,209.47,508.38,357.51,666.37,0.56793654,0.43206352
B0023009C.jpg,143369,123,0,608.37,35.32,741.16,176.36,0.567322493,0.432677507
B0014007C.jpg,81927,883,0,10.44,65.49,175.64,207.54,0.566763997,0.433236063
B001A027C.jpg,106535,268,0,362.27,474.53,481.14,586.61,0.566612303,0.433387697
B0015027C.jpg,86055,615,0,312.34,600.34,433.91,706.09,0.56551826,0.43448171
B002502DC.jpg,151597,192,0,757.52,577.61,908.95,766.43,0.564782679,0.435217351
B0013016C.jpg,77846,162,0,707.56,685.22,837.65,824.01,0.564455032,0.435544968
B002C00DC.jpg,180237,177,0,605.99,712.17,730.59,844.83,0.56434077,0.43565923
B002A037C.jpg,172087,731,0,823.01,439.99,954.85,578.1,0.564265072,0.435734928
B001F00CC.jpg,126988,566,0,213.18,302.4,369.39,536.04,0.563914418,0.436085612
B0022004C.jpg,139268,300,0,89.86,762.43,211.3,885.81,0.563886523,0.436113447
B0029032C.jpg,167986,786,0,920.69,149.61,1024.0,278.04,0.563407481,0.436592489
B002200BC.jpg,139275,894,0,580.33,418.08,774.28,611.1,0.563321292,0.436678648
B002A026C.jpg,172070,157,0,823.7,62.95,974.51,225.79,0.562945247,0.437054753
B0037015C.jpg,225301,819,0,50.56,501.31,211.72,645.31,0.56236887,0.4376311
B0022022C.jpg,139298,609,0,587.51,353.64,772.51,529.73,0.562216163,0.437783897
B000C00EC.jpg,49166,599,0,169.33,672.81,320.98,824.99,0.561680079,0.438319892
B000D009C.jpg,53257,359,0,583.07,371.61,704.49,497.45,0.560830295,0.439169675
B0010015C.jpg,65557,665,0,664.01,264.81,831.37,427.58,0.560818434,0.439181507
B002901DC.jpg,167965,579,0,735.47,923.35,876.3,1018.71,0.560606718,0.439393252
B002D016C.jpg,184342,428,0,660.0,227.28,800.66,353.03,0.560219824,0.439780235
B0015026C.jpg,86054,790,0,396.36,523.51,579.62,672.77,0.560008883,0.439991117
B0031031C.jpg,200753,866,0,830.89,226.61,928.57,344.25,0.55960685,0.44039315
B0025038C.jpg,151608,568,0,231.3,669.45,352.53,793.13,0.559575617,0.440424412
B0033014C.jpg,208916,903,0,348.78,820.74,461.52,936.91,0.559274673,0.440725267
B002402EC.jpg,147502,270,0,414.68,126.21,587.49,306.81,0.558643162,0.441356868
B0015030C.jpg,86064,842,0,14.37,295.72,165.76,467.56,0.558545172,0.441454858
B0018017C.jpg,98327,481,0,0.0,449.1,114.45,596.51,0.558395505,0.441604435
B002A01AC.jpg,172058,448,0,427.68,278.06,565.84,425.02,0.558357716,0.441642284
B0001026C.jpg,4134,780,0,518.68,873.09,658.33,999.38,0.558208406,0.441791594
B0029010C.jpg,167952,794,0,0.0,713.21,56.62,845.09,0.557999492,0.442000479
B0016013C.jpg,90131,437,0,56.07,531.35,195.54,666.78,0.557046592,0.442953438
B0019019C.jpg,102425,592,0,839.45,46.18,984.78,180.19,0.557023823,0.442976236
B0032030C.jpg,204848,551,0,284.65,709.97,416.03,844.11,0.556099117,0.443900883
B001F03DC.jpg,127037,895,0,759.43,534.94,887.53,678.71,0.554964662,0.445035368
B001A012C.jpg,106514,570,0,682.05,448.02,817.91,577.36,0.554945648,0.445054352
B001103CC.jpg,69692,32,0,415.09,341.15,572.51,499.19,0.55462873,0.445371181
B0018023C.jpg,98339,701,0,0.0,460.54,110.07,592.41,0.554413319,0.445586681
B0011010C.jpg,69648,884,0,545.35,441.06,685.93,591.45,0.554299295,0.445700705
B0024031C.jpg,147505,371,0,62.33,58.64,181.1,179.61,0.554203868,0.445796132
B002403AC.jpg,147514,881,0,218.93,920.71,356.1,1024.0,0.55409801,0.445902079
B0019019C.jpg,102425,681,0,385.07,682.05,534.53,819.9,0.553827882,0.446172148
B001B00DC.jpg,110605,394,0,665.07,225.98,772.55,324.61,0.553526938,0.446473092
B002E032C.jpg,188466,154,0,845.74,508.74,974.35,648.5,0.552880466,0.447119534
B0025029C.jpg,151593,673,0,967.72,0.72,1024.0,111.99,0.552541971,0.447458059
B0016016C.jpg,90134,288,0,631.1,609.75,760.86,744.22,0.552237988,0.447762012
B000401AC.jpg,16410,67,0,584.43,539.78,729.46,671.78,0.552093327,0.447906703
B0019015C.jpg,102421,240,0,62.83,691.26,203.43,834.26,0.551977038,0.448022902
B002402DC.jpg,147501,391,0,185.14,131.76,305.37,258.28,0.551630199,0.448369831
B003B00BC.jpg,241675,704,0,149.36,36.24,271.37,167.93,0.551077068,0.448922873
B000D037C.jpg,53303,340,0,340.07,846.01,508.99,969.79,0.550560236,0.449439704
B0005028C.jpg,20520,855,0,798.55,740.41,991.07,936.32,0.549788296,0.450211734
B0019012C.jpg,102418,806,0,454.38,454.37,576.73,583.46,0.549703121,0.450296819
B0032017C.jpg,204823,924,0,126.19,129.84,265.02,267.39,0.54970175,0.450298309
B0037018C.jpg,225304,781,0,191.16,131.14,367.28,302.24,0.549418747,0.450581312
B000702CC.jpg,28716,637,0,29.87,171.59,170.89,346.87,0.549157202,0.450842828
B001000DC.jpg,65549,150,0,821.75,823.22,975.94,988.77,0.549134076,0.450865984
B000F024C.jpg,61476,271,0,230.29,608.93,373.89,751.18,0.548426211,0.45157373
B002402AC.jpg,147498,661,0,285.2,312.16,415.37,453.98,0.548065543,0.451934516
B002D018C.jpg,184344,632,0,240.67,432.74,441.02,596.08,0.547957957,0.452042133
B003402DC.jpg,213037,801,0,736.01,598.54,887.8,747.73,0.547828317,0.452171713
B003501FC.jpg,217119,802,0,223.04,126.62,342.69,274.23,0.547188759,0.452811211
B0029025C.jpg,167973,264,0,298.12,592.38,467.8,741.81,0.54603982,0.45396018
B002C02DC.jpg,180269,925,0,283.13,545.53,442.79,685.25,0.54532218,0.45467785
B001D022C.jpg,118818,598,0,346.0,419.69,537.09,660.78,0.545163333,0.454836637
B001E00AC.jpg,122890,374,0,146.47,39.76,293.0,190.58,0.544267178,0.455732793
B000D018C.jpg,53272,824,0,127.37,299.71,252.55,421.49,0.544160485,0.455839545
B0011024C.jpg,69668,694,0,527.3,373.78,668.96,524.84,0.543900907,0.456099033
B001A005C.jpg,106501,699,0,731.87,365.58,915.93,535.27,0.542854667,0.457145393
B0011006C.jpg,69638,229,0,153.98,581.1,280.52,735.81,0.542737424,0.457262546
B0024028C.jpg,147496,480,0,0.0,0.0,116.1,132.39,0.542247951,0.457752109
B001401AC.jpg,81946,148,0,218.23,142.01,356.3,288.94,0.541667938,0.458332032
B001002DC.jpg,65581,594,0,567.74,122.7,714.4,263.59,0.540905297,0.459094644
B000602FC.jpg,24623,587,0,684.78,587.43,838.51,714.58,0.540646195,0.459353805
B002103BC.jpg,135227,404,0,540.49,56.3,672.08,191.65,0.540559709,0.459440321
B0024009C.jpg,147465,389,0,634.77,391.96,744.15,487.29,0.540133357,0.459866613
B0027030C.jpg,159792,860,0,547.84,816.6,691.78,931.26,0.539795578,0.460204482
B0010005C.jpg,65541,28,0,895.02,450.86,1024.0,593.1,0.539132953,0.460867018
B002A00CC.jpg,172044,626,0,204.21,664.56,347.88,812.98,0.537240624,0.462759405
B0020038C.jpg,131128,355,0,87.43,892.03,313.54,1024.0,0.536958933,0.463041037
B000E033C.jpg,57395,51,0,370.15,308.99,512.22,455.53,0.536881745,0.463118166
B002E038C.jpg,188472,395,0,601.5,29.15,724.95,163.38,0.53649056,0.463509411
B0004014C.jpg,16404,765,0,425.25,756.42,597.51,902.55,0.535497129,0.464502871
B001800DC.jpg,98317,832,0,760.53,495.67,917.57,623.2,0.535488904,0.464511126
B001C023C.jpg,114723,695,0,694.62,119.9,839.77,282.74,0.535039663,0.464960247
B002802BC.jpg,163883,52,0,286.46,88.87,569.38,324.01,0.532491386,0.467508614
B0012028C.jpg,73768,616,0,369.2,587.48,520.71,729.46,0.531270266,0.468729734
B0017006C.jpg,94214,440,0,509.4,342.2,672.26,487.23,0.530376375,0.469623566
B000A033C.jpg,41011,621,0,733.26,0.0,882.85,121.19,0.530329049,0.469670922
B0010017C.jpg,65559,795,0,0.0,334.42,238.72,535.23,0.530291855,0.469708115
B0035033C.jpg,217139,921,0,728.31,621.44,834.81,732.46,0.530012012,0.469987988
B000F00FC.jpg,61455,530,0,719.71,710.01,821.83,817.13,0.529942334,0.470057666
B002F029C.jpg,192553,909,0,932.13,22.8,1016.67,167.06,0.529907584,0.470092416
B001801EC.jpg,98334,668,0,525.07,125.91,665.05,274.4,0.528772473,0.471227556
B001B025C.jpg,110629,803,0,831.33,447.6,973.15,591.09,0.52700001,0.47300002
B0008025C.jpg,32805,561,0,850.48,663.77,1002.93,818.87,0.525913656,0.474086314
B002B01EC.jpg,176158,807,0,380.36,540.79,504.5,686.51,0.525634646,0.474365264
B002300FC.jpg,143375,410,0,213.28,624.22,348.13,776.64,0.52512908,0.47487092
B000A038C.jpg,41016,497,0,582.62,500.98,767.08,667.0,0.525003254,0.474996746
B0024018C.jpg,147480,414,0,811.71,759.81,992.11,913.14,0.523737907,0.476262182
B0006010C.jpg,24592,286,0,132.59,224.56,269.73,383.16,0.52321285,0.47678718
B000D02EC.jpg,53294,136,0,0.0,689.44,106.99,855.27,0.522532761,0.477467269
B003A02BC.jpg,237611,613,0,908.28,662.2,1024.0,801.71,0.5213148,0.47868523
B001102BC.jpg,69675,464,0,610.15,377.84,754.06,518.63,0.520973444,0.479026556
B001A02EC.jpg,106542,851,0,505.11,173.94,655.1,311.6,0.520670235,0.479329765
B0008014C.jpg,32788,657,0,215.28,158.33,434.21,375.86,0.51915139,0.48084864
B000E00DC.jpg,57357,434,0,847.62,564.01,961.28,684.41,0.518629372,0.481370568
B002902AC.jpg,167978,291,0,29.23,547.04,221.79,739.12,0.516016245,0.483983725
B000302FC.jpg,12335,274,0,221.56,853.06,342.23,980.28,0.514730811,0.485269189
B001600CC.jpg,90124,841,0,549.18,449.62,685.35,586.23,0.511905134,0.488094866
B001B038C.jpg,110648,465,0,487.04,845.05,603.25,964.21,0.510143816,0.489856184
B0031014C.jpg,200724,759,0,290.0,206.88,421.99,343.81,0.508047163,0.491952807
B0007019C.jpg,28697,247,0,218.34,523.97,370.88,679.27,0.507753909,0.492246121
B003A02EC.jpg,237614,849,0,353.33,226.04,545.56,431.34,0.507225692,0.492774278
B001A037C.jpg,106551,383,0,763.51,303.59,886.57,435.75,0.50657326,0.49342671
B002102EC.jpg,135214,182,0,59.18,368.25,195.72,503.43,0.50634855,0.49365145
B002300CC.jpg,143372,879,0,743.45,65.92,886.86,273.74,0.504925489,0.495074481
B001D037C.jpg,118839,531,0,113.88,585.28,255.33,729.8,0.504373968,0.495625943
B002E018C.jpg,188440,676,0,492.92,377.3,679.66,585.08,0.504037082,0.495962828
B0024021C.jpg,147489,685,0,817.07,834.45,957.5,967.49,0.503355503,0.496644527
B000A026C.jpg,40998,931,0,563.35,463.25,709.78,575.69,0.50312531,0.49687469
B0031017C.jpg,200727,720,0,104.92,798.73,304.76,1020.08,0.502895236,0.497104794
B000B010C.jpg,45072,126,0,609.25,523.97,734.77,652.19,0.502113283,0.497886747
B001F014C.jpg,126996,422,0,345.21,170.63,515.76,370.6,0.501675844,0.498324186
B001E032C.jpg,122930,577,0,65.6,34.9,212.17,195.96,0.500530779,0.499469131
