B002D007C.jpg,184327,13,0,279.34,498.14,425.41,655.32,1.0,1e-09
B0020024C.jpg,131108,91,0,670.05,40.44,806.78,160.98,1.0,1e-09
B001500AC.jpg,86026,161,0,849.67,370.73,995.52,516.18,1.0,5e-09
B003101EC.jpg,200734,218,0,909.81,462.31,1024.0,597.32,1.0,5.3e-08
B002C00EC.jpg,180238,246,0,573.34,205.2,708.43,341.26,1.0,1.7e-08
B001302FC.jpg,77871,294,0,73.31,659.91,215.0,784.61,1.0,4.9e-08
B0020037C.jpg,131127,461,0,853.0,403.05,975.77,524.17,1.0,4e-08
B0011016C.jpg,69654,469,0,620.06,906.11,755.64,1024.0,1.0,2.7e-08
B0025021C.jpg,151585,505,0,829.32,498.28,981.27,648.82,1.0,5.8e-08
B002B016C.jpg,176150,754,0,826.19,594.04,948.1,715.96,1.0,0.0
B003A01AC.jpg,237594,779,0,617.3,295.21,737.88,427.99,1.0,9e-09
B000B025C.jpg,45093,926,0,627.32,792.89,861.57,1023.68,1.0,1e-08
B002203DC.jpg,139325,8,0,807.94,728.76,991.76,899.16,0.999999881,9.6e-08
B000B00EC.jpg,45070,50,0,456.17,11.33,745.2,364.89,0.999999881,1.05e-07
B0020007C.jpg,131079,54,0,130.46,71.56,266.29,218.02,0.999999881,1.09e-07
B002F027C.jpg,192551,133,0,109.29,560.39,279.93,742.52,0.999999881,1.12e-07
B001B005C.jpg,110597,273,0,297.51,240.08,430.01,410.72,0.999999881,1.52e-07
B000D013C.jpg,53267,310,0,788.26,660.84,914.52,792.2,0.999999881,1.62e-07
B0011036C.jpg,69686,361,0,776.26,442.39,909.26,556.42,0.999999881,8.1e-08
B001000CC.jpg,65548,420,0,368.25,757.75,491.15,856.31,0.999999881,1.62e-07
B000402AC.jpg,16426,423,0,842.0,308.7,978.01,445.44,0.999999881,7.7e-08
B0032030C.jpg,204848,551,0,284.65,709.97,416.03,844.11,0.999999881,7.4e-08
B000602FC.jpg,24623,587,0,684.78,587.43,838.51,714.58,0.999999881,1.72e-07
B001400FC.jpg,81935,679,0,0.0,736.48,108.36,879.53,0.999999881,1.41e-07
B001500EC.jpg,86030,830,0,377.91,411.91,490.57,515.99,0.999999881,9.6e-08
B0014007C.jpg,81927,883,0,10.44,65.49,175.64,207.54,0.999999881,1.54e-07
B000D024C.jpg,53284,908,0,685.02,602.1,819.33,743.07,0.999999881,9.4e-08
B000E02FC.jpg,57391,180,0,752.3,625.79,881.72,749.62,0.999999762,2.83e-07
B000D034C.jpg,53300,322,0,681.82,282.99,791.14,390.96,0.999999762,1.85e-07
B0018023C.jpg,98339,326,0,839.78,792.54,951.97,889.33,0.999999762,1.94e-07
B001002BC.jpg,65579,390,0,136.4,135.36,289.39,296.5,0.999999762,2.1e-07
B0029028C.jpg,167976,799,0,712.38,457.25,818.08,559.51,0.999999762,2.81e-07
B0010030C.jpg,65584,341,0,689.77,288.59,801.83,421.91,0.999999642,4.02e-07
B0036037C.jpg,221239,496,0,496.39,189.35,648.17,340.8,0.999999642,4.01e-07
B000F029C.jpg,61481,580,0,0.0,226.09,394.5,480.28,0.999999642,3.63e-07
B003B00CC.jpg,241676,707,0,649.92,469.12,869.8,687.53,0.999999642,4.13e-07
B000B031C.jpg,45105,112,0,739.69,434.02,906.65,577.82,0.999999523,4.47e-07
B001C021C.jpg,114721,164,0,88.77,308.53,346.04,534.18,0.999999523,5.22e-07
B003A025C.jpg,237605,293,0,202.19,755.75,355.81,893.58,0.999999523,4.64e-07
B002D02FC.jpg,184367,660,0,503.68,426.87,643.93,573.24,0.999999523,4.49e-07
B0014036C.jpg,81974,733,0,686.87,387.02,797.53,502.26,0.999999523,4.87e-07
B000E027C.jpg,57383,763,0,661.25,606.85,781.04,741.27,0.999999523,4.36e-07
B0015020C.jpg,86048,84,0,240.08,4.74,359.55,110.48,0.999999404,5.63e-07
B000D00AC.jpg,53258,110,0,442.56,348.83,566.31,487.74,0.999999404,5.94e-07
B002B02BC.jpg,176171,297,0,779.55,316.48,907.36,435.4,0.999999404,5.58e-07
B0004026C.jpg,16422,596,0,561.4,39.01,738.47,204.44,0.999999404,6.07e-07
B001B013C.jpg,110611,773,0,679.19,371.95,818.99,493.91,0.999999404,5.51e-07
B000E019C.jpg,57369,930,0,8.61,3.5,87.09,106.77,0.999999404,6.1e-07
B0017021C.jpg,94241,242,0,134.66,672.01,276.29,829.74,0.999999285,6.87e-07
B0014006C.jpg,81926,538,0,526.37,93.7,672.0,269.6,0.999999285,7.4e-07
B000F017C.jpg,61463,709,0,787.75,294.09,901.64,396.29,0.999999285,6.66e-07
B0033026C.jpg,208934,407,0,264.89,861.85,391.01,996.29,0.999999166,8.67e-07
B000F02DC.jpg,61485,658,0,37.06,165.68,185.82,332.99,0.999999166,8.68e-07
B001F01CC.jpg,127004,6,0,152.65,639.48,295.01,754.15,0.999999046,9.29e-07
B002B01AC.jpg,176154,484,0,530.28,31.67,669.2,168.44,0.999999046,1e-06
B000901CC.jpg,36892,108,0,59.2,906.04,192.99,1024.0,0.999998927,1.035e-06
B003D027C.jpg,249895,167,0,443.27,477.94,573.77,607.59,0.999998927,1.078e-06
B0002023C.jpg,8227,267,0,111.29,765.14,260.61,927.16,0.999998927,1.12e-06
B002902AC.jpg,167978,291,0,29.23,547.04,221.79,739.12,0.999998927,1.11e-06
B001703BC.jpg,94267,372,0,489.02,49.65,601.3,188.96,0.999998927,1.119e-06
B002D009C.jpg,184329,710,0,468.5,504.99,602.65,639.45,0.999998927,1.055e-06
B001903BC.jpg,102459,913,0,79.94,300.4,194.36,422.89,0.999998927,1.113e-06
B002C00DC.jpg,180237,177,0,605.99,712.17,730.59,844.83,0.999998808,1.164e-06
B0028002C.jpg,163842,504,0,299.01,832.41,399.67,933.01,0.999998808,1.217e-06
B001B01BC.jpg,110619,687,0,588.48,644.4,944.89,983.59,0.999998808,1.223e-06
B002301DC.jpg,143389,858,0,871.08,873.83,994.01,987.8,0.999998808,1.207e-06
B0028021C.jpg,163873,525,0,701.62,452.95,830.69,547.96,0.999998569,1.439e-06
B0016007C.jpg,90119,82,0,136.4,291.43,274.81,452.27,0.99999845,1.5e-06
B0017012C.jpg,94226,435,0,840.53,808.82,986.52,953.22,0.99999845,1.594e-06
B002501FC.jpg,151583,529,0,879.92,109.6,993.85,218.12,0.999998331,1.64e-06
B0005032C.jpg,20530,741,0,208.9,0.0,345.72,78.79,0.999998331,1.713e-06
B0023003C.jpg,143363,101,0,717.52,633.66,936.13,830.9,0.999998212,1.845e-06
B002C009C.jpg,180233,398,0,0.0,214.44,134.33,366.06,0.999998212,1.818e-06
B003C020C.jpg,245792,474,0,115.69,583.31,252.55,744.91,0.999998212,1.834e-06
B003302AC.jpg,208938,567,0,193.46,1.04,293.42,93.12,0.999998212,1.812e-06
B001400EC.jpg,81934,834,0,506.95,423.43,712.21,611.32,0.999998093,1.954e-06
B001F00CC.jpg,126988,566,0,213.18,302.4,369.39,536.04,0.999997973,2.013e-06
B001F028C.jpg,127016,655,0,310.57,388.66,432.76,510.14,0.999997973,1.98e-06
B002503CC.jpg,151612,127,0,376.2,714.82,498.4,842.05,0.999997854,2.185e-06
B000801CC.jpg,32796,262,0,274.8,53.08,385.67,190.24,0.999997735,2.224e-06
B000F016C.jpg,61462,703,0,0.0,502.67,72.64,638.23,0.999997735,2.31e-06
B003B01DC.jpg,241693,170,0,821.82,413.67,1010.6,779.24,0.999997616,2.381e-06
B000402DC.jpg,16429,775,0,368.79,328.68,644.45,528.61,0.999997616,2.401e-06
B002000BC.jpg,131083,36,0,372.59,417.8,657.98,658.6,0.999997497,2.509e-06
B003201DC.jpg,204829,412,0,596.08,548.16,721.83,673.87,0.999997497,2.533e-06
B0013022C.jpg,77858,700,0,857.85,586.48,1000.8,730.41,0.999997377,2.671e-06
B001B020C.jpg,110624,125,0,0.0,419.22,105.83,591.02,0.999997258,2.795e-06
B000C02DC.jpg,49197,534,0,116.54,348.12,288.82,515.04,0.999997258,2.736e-06
B003801FC.jpg,229407,840,0,319.01,277.5,446.68,416.46,0.999997258,2.792e-06
B000B029C.jpg,45097,331,0,705.47,750.15,827.95,885.55,0.999997139,2.859e-06
B001200EC.jpg,73742,527,0,384.97,537.16,508.06,667.34,0.999996781,3.166e-06
B0032011C.jpg,204817,226,0,653.02,434.0,784.26,550.27,0.999996185,3.799e-06
B0019015C.jpg,102421,240,0,62.83,691.26,203.43,834.26,0.999996066,3.989e-06
B0012016C.jpg,73750,253,0,516.18,445.31,660.51,575.87,0.999995947,3.994e-06
B001601BC.jpg,90139,864,0,36.44,447.15,177.18,609.67,0.999995708,4.337e-06
B0023011C.jpg,143377,897,0,598.8,455.72,718.38,582.17,0.999995708,4.258e-06
B0011023C.jpg,69667,169,0,664.23,466.27,792.1,593.77,0.999995589,4.462e-06
B003701AC.jpg,225306,584,0,444.83,23.67,572.05,160.22,0.999995589,4.425e-06
B0022002C.jpg,139266,651,0,190.83,781.93,339.18,926.16,0.999995589,4.353e-06
B0009012C.jpg,36882,17,0,427.54,616.17,589.74,775.62,0.999995232,4.739e-06
B002C033C.jpg,180275,212,0,421.88,915.84,548.81,1024.0,0.999995112,4.917e-06
B0027026C.jpg,159782,471,0,744.92,517.89,890.33,663.97,0.999994993,5.042e-06
B0010039C.jpg,65593,722,0,770.41,722.39,892.74,817.7,0.999994397,5.636e-06
B001000DC.jpg,65549,150,0,821.75,823.22,975.94,988.77,0.999994278,5.706e-06
B0019010C.jpg,102416,482,0,904.97,775.9,1024.0,900.96,0.999994278,5.676e-06
B003A01AC.jpg,237594,817,0,513.52,366.19,650.94,521.29,0.99999404,5.994e-06
B001F014C.jpg,126996,863,0,581.53,242.74,732.24,365.51,0.99999404,5.965e-06
B002601BC.jpg,155675,379,0,589.81,0.0,718.47,129.09,0.999993443,6.545e-06
B000702BC.jpg,28715,684,0,668.51,0.0,804.07,62.65,0.99999249,7.471e-06
B0010036C.jpg,65590,140,0,455.38,625.83,582.11,751.94,0.999991894,8.095e-06
B0036032C.jpg,221234,117,0,133.86,353.82,264.55,500.34,0.999991536,8.481e-06
B001800CC.jpg,98316,677,0,186.93,276.24,319.19,411.75,0.999991536,8.495e-06
B0015019C.jpg,86041,467,0,168.37,824.49,328.35,978.25,0.999991417,8.608e-06
B001E010C.jpg,122896,266,0,443.5,394.44,625.55,579.93,0.999991179,8.787e-06
B003901BC.jpg,233499,825,0,277.4,181.59,437.2,353.18,0.999991179,8.767e-06
B001B021C.jpg,110625,898,0,530.2,687.68,667.42,828.88,0.999991059,8.898e-06
B001F005C.jpg,126981,671,0,757.66,444.61,891.95,593.72,0.999990344,9.674e-06
B001F03BC.jpg,127035,716,0,133.17,410.49,264.71,552.83,0.999989986,1.0064e-05
B001C034C.jpg,114740,338,0,837.48,522.63,998.46,682.04,0.99998951,1.0482e-05
B0013010C.jpg,77840,606,0,447.08,588.56,870.64,936.15,0.99998951,1.0453e-05
B002701AC.jpg,159770,178,0,347.06,577.48,489.05,744.19,0.99998939,1.0566e-05
B001602AC.jpg,90154,202,0,537.55,524.71,682.56,668.95,0.999989152,1.0859e-05
B001401EC.jpg,81950,357,0,251.36,913.03,364.47,1020.13,0.999989033,1.1021e-05
B000D02EC.jpg,53294,136,0,0.0,689.44,106.99,855.27,0.999988914,1.1061e-05
B001A037C.jpg,106551,383,0,763.51,303.59,886.57,435.75,0.999988914,1.1106e-05
B0025029C.jpg,151593,673,0,967.72,0.72,1024.0,111.99,0.999988914,1.1088e-05
B0017025C.jpg,94245,453,0,719.73,79.66,944.54,490.83,0.999988675,1.1365e-05
B0027009C.jpg,159753,142,0,565.92,450.54,752.75,743.59,0.999988556,1.14e-05
B001900BC.jpg,102411,490,0,592.84,55.69,716.86,205.36,0.999988437,1.161e-05
B002D00CC.jpg,184332,68,0,175.23,346.54,396.56,559.51,0.999988317,1.1676e-05
B0017008C.jpg,94216,638,0,577.02,660.84,723.52,840.1,0.999988317,1.1662e-05
B001501DC.jpg,86045,252,0,825.83,512.22,970.81,683.65,0.999987721,1.2298e-05
B002E038C.jpg,188472,395,0,601.5,29.15,724.95,163.38,0.999987721,1.2222e-05
B001B017C.jpg,110615,760,0,17.23,425.18,190.24,597.4,0.999987602,1.2361e-05
B0026025C.jpg,155685,893,0,132.07,699.59,312.82,952.59,0.999986887,1.3098e-05
B0010010C.jpg,65552,332,0,502.33,91.2,661.79,252.3,0.99998641,1.3637e-05
B0017006C.jpg,94214,440,0,509.4,342.2,672.26,487.23,0.999986172,1.3792e-05
B0029032C.jpg,167986,786,0,920.69,149.61,1024.0,278.04,0.999985814,1.4174e-05
B0036011C.jpg,221201,593,0,274.91,736.56,433.58,905.26,0.999985337,1.466e-05
B001C00EC.jpg,114702,368,0,855.78,2.21,969.81,88.66,0.999984741,1.523e-05
B000F019C.jpg,61465,865,0,79.08,0.0,205.76,110.65,0.999984622,1.5352e-05
B001F037C.jpg,127031,213,0,781.4,622.65,904.09,748.28,0.999984503,1.5468e-05
B001A024C.jpg,106532,450,0,10.19,599.67,210.84,1024.0,0.999984264,1.5793e-05
B003502FC.jpg,217135,105,0,600.39,519.39,772.61,686.56,0.999983788,1.6206e-05
B002001BC.jpg,131099,230,0,314.41,427.76,516.69,610.08,0.999983668,1.6388e-05
B0031012C.jpg,200722,92,0,546.3,521.31,697.34,659.84,0.999983549,1.6479e-05
B0021036C.jpg,135222,39,0,286.79,725.96,438.42,886.61,0.999982834,1.7164e-05
B0022024C.jpg,139300,145,0,672.37,692.27,801.76,833.14,0.999982238,1.7814e-05
B000E01DC.jpg,57373,342,0,262.07,449.07,381.22,568.86,0.999982238,1.7743e-05
B001C02DC.jpg,114733,900,0,202.94,112.21,339.17,245.62,0.999982238,1.7769e-05
B000A02AC.jpg,41002,702,0,929.75,112.95,1024.0,262.01,0.999981523,1.8481e-05
B0039034C.jpg,233524,129,0,284.87,449.95,421.02,597.86,0.999981046,1.8938e-05
B001A020C.jpg,106528,541,0,177.38,202.17,376.46,403.85,0.999980688,1.9279e-05
B000A010C.jpg,40976,411,0,761.96,46.1,890.62,187.64,0.999980569,1.9446e-05
B003D022C.jpg,249890,565,0,130.9,304.09,289.5,437.97,0.999980569,1.9475e-05
B000E01EC.jpg,57374,828,0,672.53,513.22,788.37,643.13,0.999979138,2.0846e-05
B001D02EC.jpg,118830,64,0,818.21,433.85,992.79,614.57,0.999978781,2.1167e-05
B0015011C.jpg,86033,308,0,379.78,853.3,515.53,983.39,0.999978662,2.1293e-05
B000C00BC.jpg,49163,877,0,422.11,0.0,535.2,87.8,0.999978065,2.1889e-05
B0018030C.jpg,98352,647,0,474.81,49.76,605.44,190.65,0.999976039,2.3946e-05
B0011039C.jpg,69689,281,0,400.12,862.87,513.53,978.4,0.999975681,2.4274e-05
B002302DC.jpg,143405,846,0,317.06,157.52,525.92,406.21,0.999975443,2.4579e-05
B0010019C.jpg,65561,333,0,147.29,136.37,292.53,271.25,0.999975324,2.4642e-05
B001D021C.jpg,118817,750,0,639.16,334.04,830.26,553.61,0.999974966,2.501e-05
B0004018C.jpg,16408,88,0,481.28,802.16,596.46,946.99,0.999974847,2.5209e-05
B001602CC.jpg,90156,30,0,714.57,656.42,845.32,779.78,0.999974489,2.551e-05
B001701DC.jpg,94237,472,0,924.76,838.09,1024.0,991.95,0.999974251,2.5718e-05
B002A018C.jpg,172056,862,0,860.28,300.51,1008.35,445.44,0.999974132,2.5872e-05
B003201FC.jpg,204831,734,0,763.14,116.51,887.82,254.8,0.999973774,2.6257e-05
B0013003C.jpg,77827,662,0,867.92,830.91,990.65,954.95,0.999973297,2.6696e-05
B0014005C.jpg,81925,784,0,502.14,182.46,643.62,340.54,0.999972701,2.7319e-05
B000E011C.jpg,57361,7,0,462.46,677.4,614.62,834.8,0.999972105,2.7864e-05
B0019018C.jpg,102424,311,0,187.04,286.89,317.88,430.0,0.999971747,2.8199e-05
B0032017C.jpg,204823,924,0,126.19,129.84,265.02,267.39,0.999971032,2.9006e-05
B003E02AC.jpg,253994,194,0,201.74,640.15,342.7,800.37,0.999969959,2.9994e-05
B002401CC.jpg,147484,557,0,794.93,5.56,990.9,101.37,0.99996984,3.014e-05
B002701EC.jpg,159774,336,0,636.43,763.84,755.05,886.74,0.999968648,3.1399e-05
B002C022C.jpg,180258,571,0,201.03,749.41,335.13,877.45,0.999968529,3.1529e-05
B001B007C.jpg,110599,690,0,0.0,160.74,289.57,1024.0,0.99996841,3.1618e-05
B0016017C.jpg,90135,564,0,754.32,662.05,916.51,815.23,0.999967217,3.284e-05
B0028018C.jpg,163864,870,0,0.0,247.21,102.03,348.05,0.999966264,3.3693e-05
B001F016C.jpg,126998,302,0,126.09,54.36,254.66,187.33,0.999965668,3.4305e-05
B0021014C.jpg,135188,55,0,10.09,859.83,133.87,969.2,0.999963522,3.6512e-05
B001A02FC.jpg,106543,634,0,244.65,214.75,365.96,341.1,0.999963403,3.6559e-05
B0016022C.jpg,90146,29,0,123.24,146.17,277.68,303.36,0.999961972,3.8009e-05
B001700FC.jpg,94223,850,0,387.31,201.13,636.37,445.87,0.999961734,3.8311e-05
B0007022C.jpg,28706,56,0,428.01,895.88,576.2,1024.0,0.999961376,3.8638e-05
B000F024C.jpg,61476,271,0,230.29,608.93,373.89,751.18,0.999960899,3.9131e-05
B001401AC.jpg,81946,148,0,218.23,142.01,356.3,288.94,0.999959946,4.0091e-05
B0031026C.jpg,200742,245,0,74.46,417.09,193.44,567.36,0.999959826,4.0122e-05
B002000AC.jpg,131082,915,0,910.29,22.15,1024.0,156.54,0.999957919,4.2102e-05
B002902DC.jpg,167981,725,0,509.18,159.75,615.33,259.02,0.999957204,4.2773e-05
B0005023C.jpg,20515,11,0,697.8,167.52,811.96,278.67,0.999956965,4.3084e-05
B0021003C.jpg,135171,184,0,180.96,32.17,331.55,192.37,0.999956608,4.3389e-05
B003301FC.jpg,208927,415,0,431.27,870.31,574.63,1001.27,0.999956608,4.3428e-05
B003102EC.jpg,200750,75,0,134.34,127.77,284.72,251.53,0.999954581,4.5432e-05
B0017030C.jpg,94256,618,0,557.09,562.87,679.06,710.12,0.999954581,4.5414e-05
B000E034C.jpg,57396,197,0,104.84,671.73,298.31,861.16,0.999954104,4.5922e-05
B0028000C.jpg,163840,756,0,278.67,459.07,406.14,587.91,0.999953628,4.6372e-05
B001C023C.jpg,114723,892,0,25.57,828.81,146.76,974.68,0.999952793,4.7223e-05
B001100EC.jpg,69646,787,0,260.05,430.02,410.29,571.71,0.999952555,4.7423e-05
B0023012C.jpg,143378,34,0,500.11,106.98,682.02,287.83,0.999952197,4.7747e-05
B0030020C.jpg,196640,663,0,635.09,89.84,896.18,332.84,0.999952078,4.7894e-05
B002403DC.jpg,147517,284,0,525.3,770.46,626.2,863.98,0.999951959,4.8009e-05
B002C00BC.jpg,180235,506,0,123.47,376.76,440.36,674.31,0.999951839,4.8187e-05
B002A02CC.jpg,172076,719,0,720.57,373.14,828.51,473.7,0.999951124,4.8883e-05
B0004021C.jpg,16417,476,0,432.11,43.39,738.24,658.75,0.999947667,5.2347e-05
B0025033C.jpg,151603,548,0,793.95,746.02,1024.0,958.83,0.999947667,5.2302e-05
B0010011C.jpg,65553,891,0,686.42,40.07,820.21,173.73,0.999947429,5.2579e-05
B002A009C.jpg,172041,220,0,956.46,232.28,1024.0,371.39,0.999946833,5.3119e-05
B002D021C.jpg,184353,254,0,751.15,325.39,898.39,449.4,0.999945164,5.4851e-05
B0018024C.jpg,98340,384,0,933.99,155.22,1024.0,273.72,0.999943495,5.6465e-05
B001A01FC.jpg,106527,90,0,561.19,312.69,781.8,861.5,0.999943256,5.6756e-05
B000A02AC.jpg,41002,689,0,805.6,37.47,946.15,188.2,0.999943137,5.6862e-05
B000F022C.jpg,61474,867,0,0.0,334.29,86.06,661.83,0.999943018,5.6951e-05
B003D01EC.jpg,249886,190,0,429.92,356.33,603.85,536.05,0.999940991,5.8996e-05
B000D009C.jpg,53257,359,0,583.07,371.61,704.49,497.45,0.999933004,6.699e-05
B001A01DC.jpg,106525,323,0,81.53,195.63,200.05,319.74,0.99993217,6.781e-05
B000F016C.jpg,61462,554,0,94.12,409.77,240.86,561.61,0.99993217,6.7843e-05
B0009013C.jpg,36883,509,0,23.75,673.58,230.16,862.95,0.99992919,7.0771e-05
B001B00BC.jpg,110603,334,0,31.82,145.19,151.32,264.73,0.99992764,7.2345e-05
B0002019C.jpg,8217,727,0,792.24,860.01,906.0,986.94,0.999927282,7.2772e-05
B001A027C.jpg,106535,268,0,362.27,474.53,481.14,586.61,0.999926209,7.3792e-05
B001B010C.jpg,110608,44,0,738.2,262.24,934.55,448.25,0.999924898,7.5139e-05
B003B033C.jpg,241715,889,0,923.81,395.27,1024.0,494.82,0.999924064,7.5896e-05
B000E013C.jpg,57363,221,0,745.48,39.25,875.77,167.39,0.99992311,7.69e-05
B003E014C.jpg,253972,301,0,362.41,672.71,607.29,967.72,0.999922872,7.7143e-05
B0007030C.jpg,28720,669,0,156.82,803.64,395.03,1019.39,0.999922633,7.7335e-05
B0020032C.jpg,131122,491,0,138.27,37.99,234.78,132.58,0.999920726,7.9275e-05
B003E024C.jpg,253988,320,0,674.26,505.47,793.26,637.45,0.999920249,7.9731e-05
B000B02AC.jpg,45098,844,0,383.79,538.97,510.54,669.82,0.999915838,8.4136e-05
B002202FC.jpg,139311,633,0,923.65,43.86,1024.0,142.23,0.999912143,8.7847e-05
B0015005C.jpg,86021,847,0,0.0,69.33,125.3,279.37,0.999911427,8.8616e-05
B002F031C.jpg,192561,666,0,5.49,8.6,100.77,92.14,0.99991107,8.8974e-05
B0018011C.jpg,98321,914,0,48.46,569.35,176.33,707.87,0.999909997,8.9938e-05
B002D033C.jpg,184371,275,0,268.45,10.56,395.71,83.28,0.999909163,9.0802e-05
B003F022C.jpg,258082,542,0,714.35,843.69,810.1,935.69,0.999909163,9.0833e-05
B001301AC.jpg,77850,451,0,116.38,113.47,745.82,432.51,0.999907136,9.284e-05
B0004029C.jpg,16425,499,0,911.71,192.96,1024.0,325.42,0.999906182,9.3855e-05
B000B016C.jpg,45078,298,0,503.21,762.19,625.97,893.62,0.999904752,9.5207e-05
B003C030C.jpg,245808,216,0,25.36,284.74,185.3,442.73,0.999902368,9.7616e-05
B002902DC.jpg,167981,425,0,470.04,199.61,574.82,297.75,0.99990046,9.9537e-05
B0036010C.jpg,221200,793,0,133.65,536.04,257.81,667.35,0.999898195,0.000101829
B0020038C.jpg,131128,355,0,87.43,892.03,313.54,1024.0,0.999896288,0.000103646
B002302BC.jpg,143403,16,0,738.91,568.85,889.14,737.19,0.999895692,0.000104335
B000101FC.jpg,4127,680,0,1.57,934.46,134.36,1024.0,0.999893665,0.000106372
B001C028C.jpg,114728,575,0,763.34,218.3,1024.0,655.8,0.999891758,0.000108251
B002D034C.jpg,184372,261,0,602.91,14.43,775.07,200.41,0.999887824,0.000112214
B0011010C.jpg,69648,884,0,545.35,441.06,685.93,591.45,0.999883533,0.000116508
B002E01AC.jpg,188442,904,0,148.52,415.46,382.99,753.25,0.999882817,0.000117209
B0022004C.jpg,139268,300,0,89.86,762.43,211.3,885.81,0.999881029,0.000119013
B0011025C.jpg,69669,337,0,378.68,151.25,505.5,284.19,0.99988091,0.000119058
B0036018C.jpg,221208,208,0,384.49,41.75,504.22,151.12,0.999880314,0.000119652
B0005019C.jpg,20505,349,0,314.29,457.21,520.61,698.83,0.999879003,0.000121036
B001F02FC.jpg,127023,280,0,761.82,128.32,905.46,269.35,0.999878287,0.000121691
B001302BC.jpg,77867,364,0,729.03,280.9,873.13,438.07,0.999877095,0.000122869
B003A023C.jpg,237603,236,0,287.18,142.0,418.64,282.6,0.999875546,0.00012443
B002F025C.jpg,192549,656,0,696.21,707.18,812.86,830.84,0.999873519,0.000126431
B003D018C.jpg,249880,317,0,674.21,694.03,819.32,795.15,0.999871373,0.000128665
B002F03AC.jpg,192570,109,0,868.4,783.7,996.12,916.66,0.999871135,0.00012888
B0030014C.jpg,196628,165,0,68.46,121.79,230.46,266.81,0.999871016,0.000128912
B001E00AC.jpg,122890,374,0,146.47,39.76,293.0,190.58,0.999870062,0.000129923
B0031027C.jpg,200743,460,0,488.47,4.85,588.63,128.37,0.999870062,0.000129917
B003902AC.jpg,233514,578,0,0.0,823.0,265.14,1024.0,0.999869943,0.000129992
B001600BC.jpg,90123,659,0,0.0,680.79,129.43,805.89,0.999868989,0.000130963
B0025031C.jpg,151601,314,0,280.05,399.65,608.69,918.71,0.999868631,0.000131318
B0027025C.jpg,159781,200,0,433.53,105.61,593.26,277.34,0.999866724,0.000133212
B0011020C.jpg,69664,547,0,647.35,520.01,749.14,630.31,0.999866128,0.000133839
B002A004C.jpg,172036,397,0,357.91,227.24,503.36,381.56,0.999864221,0.000135808
B0028014C.jpg,163860,545,0,297.96,216.99,694.31,515.98,0.999863029,0.000136932
B0016012C.jpg,90130,454,0,24.44,41.61,153.17,206.76,0.999858737,0.000141253
B001601EC.jpg,90142,223,0,452.91,378.53,762.64,616.83,0.999858379,0.000141568
B0028009C.jpg,163849,625,0,704.53,82.79,825.28,192.59,0.999856591,0.000143422
B002E00FC.jpg,188431,901,0,69.64,175.37,314.03,403.2,0.999843836,0.000156185
B0008033C.jpg,32819,836,0,906.85,945.99,1022.93,1011.24,0.999843478,0.000156511
B002A025C.jpg,172069,648,0,91.33,185.11,311.36,413.16,0.999842167,0.000157753
B0031011C.jpg,200721,96,0,14.1,917.54,161.78,1019.9,0.999841809,0.000158156
B0004015C.jpg,16405,40,0,700.62,676.02,850.24,831.96,0.999838233,0.00016172
B000A031C.jpg,41009,396,0,355.73,665.35,496.5,797.88,0.999837995,0.000162027
B0029017C.jpg,167959,116,0,285.49,51.72,450.82,210.19,0.999833584,0.000166388
B0010027C.jpg,65575,97,0,498.45,701.01,641.64,838.2,0.999831438,0.000168487
B0010005C.jpg,65541,28,0,895.02,450.86,1024.0,593.1,0.999826372,0.000173665
B0010037C.jpg,65591,441,0,762.81,248.48,875.54,362.58,0.999825656,0.000174348
B001700BC.jpg,94219,35,0,596.73,565.75,741.01,719.36,0.99982506,0.000174949
B0001021C.jpg,4129,382,0,522.3,427.97,640.85,541.82,0.999821484,0.000178496
B000C00AC.jpg,49162,874,0,245.69,606.47,466.44,841.54,0.999819219,0.000180822
B0017002C.jpg,94210,405,0,507.87,524.01,686.51,696.95,0.999817431,0.00018255
B003801CC.jpg,229404,890,0,31.55,938.01,149.99,1024.0,0.999813974,0.000186038
B001D037C.jpg,118839,531,0,113.88,585.28,255.33,729.8,0.999811947,0.000188031
B003D025C.jpg,249893,203,0,137.28,907.9,281.05,1024.0,0.999811828,0.000188218
B001B00EC.jpg,110606,309,0,917.53,825.3,1024.0,972.79,0.999810994,0.000189003
B0012006C.jpg,73734,911,0,434.11,170.69,602.93,350.82,0.999810636,0.00018939
B0018022C.jpg,98338,201,0,0.0,499.27,130.93,652.97,0.999804795,0.000195252
B002A034C.jpg,172084,234,0,700.05,600.1,817.41,727.72,0.999804437,0.000195596
B003101AC.jpg,200730,46,0,145.02,510.22,282.04,644.73,0.999800622,0.000199428
B002E032C.jpg,188466,838,0,515.49,0.0,664.84,121.5,0.999799073,0.000200986
B000B025C.jpg,45093,771,0,895.91,104.94,1024.0,253.85,0.999797404,0.000202616
B002402AC.jpg,147498,661,0,285.2,312.16,415.37,453.98,0.999792874,0.00020713
B002D017C.jpg,184343,489,0,119.64,209.53,425.93,337.05,0.999791563,0.000208433
B002E012C.jpg,188434,635,0,61.03,841.08,239.89,949.65,0.999789178,0.000210877
B0010019C.jpg,65561,104,0,914.51,199.23,1024.0,367.32,0.999787152,0.000212856
B001D027C.jpg,118823,462,0,678.76,74.39,793.0,218.17,0.999787152,0.000212912
B0029020C.jpg,167968,622,0,0.0,125.23,101.98,273.67,0.999783814,0.000216145
B0003031C.jpg,12337,18,0,279.35,114.7,470.08,294.58,0.999783576,0.000216427
B001F003C.jpg,126979,712,0,537.65,838.41,665.84,970.16,0.999783456,0.000216537
B0016023C.jpg,90147,77,0,180.69,665.89,356.22,858.13,0.99977988,0.000220138
B002600BC.jpg,155659,792,0,550.61,638.49,661.1,739.76,0.999779046,0.000220907
B001603CC.jpg,90172,737,0,289.83,687.54,438.66,825.28,0.999777615,0.000222399
B000B022C.jpg,45090,698,0,896.62,916.57,1024.0,1024.0,0.999777377,0.000222584
B002F00DC.jpg,192525,902,0,703.26,670.67,852.42,823.51,0.999769747,0.000230263
B0035015C.jpg,217109,306,0,82.9,236.59,312.43,471.54,0.99976927,0.000230715
B0038017C.jpg,229399,576,0,412.27,12.34,642.34,256.72,0.999762833,0.000237226
B0012026C.jpg,73766,38,0,597.4,702.39,748.61,849.31,0.999756992,0.000242997
B0014009C.jpg,81929,41,0,608.71,393.99,740.29,525.91,0.999755204,0.000244854
B003202EC.jpg,204846,380,0,567.5,252.33,743.72,470.26,0.99975282,0.000247132
B0015024C.jpg,86052,488,0,289.47,25.24,550.87,371.08,0.999744356,0.000255587
B001A026C.jpg,106534,375,0,570.62,582.84,747.68,930.94,0.99974066,0.000259275
B0006023C.jpg,24611,664,0,467.6,290.31,608.53,427.59,0.999732673,0.000267295
B0019005C.jpg,102405,48,0,15.74,839.48,156.25,1014.2,0.999725401,0.00027456
B000702CC.jpg,28716,637,0,29.87,171.59,170.89,346.87,0.999722302,0.000277672
B002100CC.jpg,135180,552,0,609.4,467.42,731.74,593.02,0.999715865,0.000284164
B000A026C.jpg,40998,752,0,242.65,929.08,450.23,1024.0,0.9997105,0.000289453
B0022006C.jpg,139270,623,0,40.84,207.17,197.39,350.75,0.999708474,0.000291464
B002900BC.jpg,167947,206,0,642.47,140.17,760.01,256.51,0.999707162,0.000292793
B0004019C.jpg,16409,600,0,440.59,44.28,736.98,346.02,0.999704659,0.000295273
B002901DC.jpg,167965,579,0,735.47,923.35,876.3,1018.71,0.999702275,0.00029774
B0031033C.jpg,200755,103,0,835.17,590.76,966.61,751.54,0.999698877,0.000301142
B001A01AC.jpg,106522,12,0,99.5,0.0,246.11,134.1,0.999695659,0.000304399
B003A02BC.jpg,237611,613,0,908.28,662.2,1024.0,801.71,0.999689579,0.000310439
B001D019C.jpg,118809,468,0,849.27,345.4,946.03,462.07,0.999681354,0.000318651
B000F030C.jpg,61488,560,0,529.91,470.46,660.63,608.61,0.999681354,0.000318628
B001E029C.jpg,122921,45,0,375.39,730.71,528.9,897.25,0.999669909,0.000330138
B0037017C.jpg,225303,585,0,788.73,180.81,1017.11,375.44,0.999665737,0.000334247
B0029016C.jpg,167958,149,0,35.14,102.04,165.62,241.91,0.999663472,0.000336554
B0015027C.jpg,86055,615,0,312.34,600.34,433.91,706.09,0.999657393,0.000342619
B003101BC.jpg,200731,932,0,17.89,130.42,163.89,456.98,0.999654651,0.000345339
B0014035C.jpg,81973,612,0,0.0,692.93,539.12,1003.14,0.999645829,0.000354149
B001E015C.jpg,122901,456,0,576.38,520.73,710.91,649.15,0.999634147,0.000365865
B0012037C.jpg,73783,646,0,459.53,479.85,667.39,708.17,0.999623656,0.00037634
B002000EC.jpg,131086,358,0,269.13,896.95,426.79,1024.0,0.999620557,0.000379406
B0009022C.jpg,36898,315,0,282.13,627.66,419.68,748.13,0.999610007,0.000390079
B0036012C.jpg,221202,761,0,542.22,721.74,786.44,944.43,0.999604523,0.000395532
B002802BC.jpg,163883,52,0,286.46,88.87,569.38,324.01,0.999596894,0.00040317
B002301BC.jpg,143387,351,0,440.68,89.24,605.78,291.83,0.999590218,0.000409852
B0032028C.jpg,204840,189,0,20.23,95.44,193.53,249.46,0.999586761,0.000413273
B001C02EC.jpg,114734,923,0,918.12,448.34,1024.0,584.26,0.9995839,0.00041612
B001E030C.jpg,122928,498,0,138.65,377.88,266.94,521.7,0.999583066,0.000416997
B001A030C.jpg,106544,272,0,512.43,458.9,641.19,593.59,0.99957937,0.000420654
B0013013C.jpg,77843,639,0,257.8,341.94,384.95,497.37,0.99956435,0.00043567
B001B00AC.jpg,110602,642,0,311.34,731.56,532.67,947.51,0.999558032,0.000441996
B002F014C.jpg,192532,191,0,453.12,420.55,893.75,755.15,0.999553382,0.000446558
B0033025C.jpg,208933,199,0,207.21,189.33,325.17,324.27,0.999530673,0.00046937
B001701FC.jpg,94239,439,0,796.19,174.96,1017.64,421.23,0.999527812,0.00047219
B001B029C.jpg,110633,174,0,838.67,162.48,945.12,268.54,0.999525309,0.000474685
B002001CC.jpg,131100,812,0,150.69,768.89,292.13,899.73,0.999525189,0.000474828
B0031017C.jpg,200727,720,0,104.92,798.73,304.76,1020.08,0.999523878,0.000476189
B0021006C.jpg,135174,89,0,127.7,343.1,259.82,504.47,0.999514699,0.00048527
B001A01DC.jpg,106525,186,0,873.47,760.38,999.2,898.6,0.999509573,0.000490453
B0015011C.jpg,86033,19,0,188.03,52.86,496.05,357.33,0.999508023,0.000492003
B0035028C.jpg,217128,80,0,592.38,896.01,688.97,1021.2,0.999504328,0.000495704
B001C00CC.jpg,114700,555,0,763.05,0.0,898.69,109.39,0.999503613,0.000496322
B0010015C.jpg,65557,665,0,664.01,264.81,831.37,427.58,0.999502301,0.000497706
B002C004C.jpg,180228,583,0,753.12,168.5,881.44,268.62,0.999498487,0.000501458
B001900AC.jpg,102410,872,0,480.28,630.02,593.53,750.21,0.999497771,0.000502157
B003902AC.jpg,233514,43,0,811.34,442.3,945.24,562.4,0.999495506,0.000504489
B0017016C.jpg,94230,179,0,83.1,351.88,196.71,482.0,0.999495029,0.000504992
B0016006C.jpg,90118,502,0,602.74,294.88,883.13,589.18,0.999494433,0.000505553
B000E00FC.jpg,57359,381,0,155.4,127.19,413.73,304.56,0.999493361,0.000506638
B003901DC.jpg,233501,767,0,76.1,286.4,205.13,416.86,0.999478638,0.000521439
B0029003C.jpg,167939,421,0,723.97,851.92,839.07,959.5,0.999474704,0.000525313
B002302AC.jpg,143402,678,0,932.07,928.4,1016.64,1016.81,0.999469936,0.000530123
B0002016C.jpg,8214,553,0,657.79,729.21,869.38,935.25,0.999462664,0.000537329
B0022025C.jpg,139301,522,0,215.15,68.05,339.75,196.92,0.999461114,0.00053892
B001F00AC.jpg,126986,328,0,820.9,897.28,934.41,1018.79,0.99945277,0.000547192
B003902EC.jpg,233518,344,0,235.91,138.74,351.9,263.46,0.999448836,0.00055115
B0022020C.jpg,139296,905,0,229.34,398.57,452.62,606.96,0.999447405,0.000552616
B0008012C.jpg,32786,9,0,314.49,670.81,556.52,942.91,0.999440849,0.000559102
B002F01FC.jpg,192543,61,0,843.24,129.05,975.26,274.1,0.999430835,0.000569087
B003700DC.jpg,225293,764,0,685.98,68.48,914.52,326.11,0.999429405,0.00057061
B0018003C.jpg,98307,392,0,549.15,0.0,687.53,107.4,0.999429166,0.000570832
B000D02CC.jpg,53292,63,0,432.41,847.83,559.8,987.11,0.999424577,0.000575467
B001E036C.jpg,122934,563,0,600.41,40.62,708.17,170.77,0.999423265,0.000576721
B001D028C.jpg,118824,822,0,259.23,864.07,404.03,970.14,0.999422073,0.000577932
B0035025C.jpg,217125,217,0,865.13,603.02,999.41,743.82,0.999416232,0.000583789
B001900FC.jpg,102415,438,0,350.51,577.73,530.68,913.66,0.999364078,0.000635905
B001702BC.jpg,94251,343,0,45.26,538.56,179.99,686.22,0.999363244,0.000636752
B0037032C.jpg,225330,279,0,338.22,115.78,517.26,298.16,0.999363005,0.000636992
B000C020C.jpg,49184,519,0,557.52,303.7,819.77,743.01,0.999355018,0.000644943
B0010028C.jpg,65576,928,0,386.77,215.41,535.49,354.58,0.999316454,0.000683512
B000C029C.jpg,49193,278,0,216.22,528.6,334.0,650.33,0.999313474,0.000686545
B0018027C.jpg,98343,285,0,446.38,291.65,574.16,437.32,0.999311209,0.000688774
B002101DC.jpg,135197,263,0,418.97,239.24,631.44,450.18,0.999294758,0.000705213
B001F01DC.jpg,127005,546,0,431.34,266.15,559.49,399.37,0.999278724,0.00072126
B003000EC.jpg,196622,776,0,912.31,510.19,1024.0,632.5,0.999269068,0.000730933
B002E037C.jpg,188471,290,0,787.04,794.93,997.49,1022.5,0.999265254,0.000734737
B0005025C.jpg,20517,72,0,196.43,678.72,372.83,854.42,0.999249399,0.000750541
B0017004C.jpg,94212,751,0,34.87,358.08,184.87,484.07,0.999230027,0.000770021
B0038023C.jpg,229411,607,0,531.33,333.61,667.46,481.86,0.99922657,0.000773424
B0020031C.jpg,131121,868,0,0.0,538.84,59.03,658.7,0.999213457,0.000786544
B0017019C.jpg,94233,257,0,911.91,68.23,1019.31,192.62,0.999193728,0.000806304
B0019035C.jpg,102453,517,0,0.0,851.51,105.55,986.75,0.999190748,0.000809266
B001902BC.jpg,102443,820,0,37.33,476.73,286.71,703.21,0.999161363,0.000838641
B001402FC.jpg,81967,419,0,110.87,121.98,291.85,296.01,0.999146104,0.000853867
B001F00FC.jpg,126991,503,0,514.73,937.11,640.7,1014.21,0.999131024,0.000868964
B002200BC.jpg,139275,894,0,580.33,418.08,774.28,611.1,0.999111712,0.000888263
B0032022C.jpg,204834,346,0,0.0,46.13,121.88,200.96,0.9991014,0.00089866
B000E016C.jpg,57366,321,0,441.26,557.84,745.71,899.06,0.999089956,0.00091004
B001A021C.jpg,106529,433,0,515.96,597.97,663.47,737.08,0.999031663,0.000968359
B0026025C.jpg,155685,137,0,131.34,47.16,262.0,178.79,0.999024034,0.000975941
B000A015C.jpg,40981,871,0,384.01,613.2,518.57,751.04,0.998998582,0.001001412
B002B03AC.jpg,176186,121,0,531.67,689.14,669.73,839.23,0.998993099,0.001006934
B000C00EC.jpg,49166,599,0,169.33,672.81,320.98,824.99,0.998990834,0.001009219
B001600CC.jpg,90124,841,0,549.18,449.62,685.35,586.23,0.998986423,0.00101353
B0012028C.jpg,73768,616,0,369.2,587.48,520.71,729.46,0.998933256,0.001066779
B002502EC.jpg,151598,239,0,6.42,79.91,97.08,175.94,0.998925149,0.001074882
B0009030C.jpg,36912,562,0,802.26,948.14,961.24,1024.0,0.998915315,0.001084646
B000E017C.jpg,57367,367,0,760.87,398.89,940.34,620.44,0.998892963,0.001107098
B001200AC.jpg,73738,237,0,106.78,178.82,299.75,363.4,0.998857737,0.001142217
B002A01EC.jpg,172062,158,0,525.15,110.1,652.05,252.68,0.998826563,0.00117342
B001D023C.jpg,118819,516,0,210.06,0.0,357.05,124.0,0.998789847,0.001210146
B001A019C.jpg,106521,528,0,825.2,541.29,954.06,669.31,0.998783886,0.001216098
B0006020C.jpg,24608,742,0,72.04,717.55,361.79,920.42,0.998753786,0.001246248
B0028034C.jpg,163892,132,0,20.55,348.21,167.84,502.11,0.998749852,0.001250088
B0015008C.jpg,86024,769,0,123.65,776.97,249.07,907.02,0.998739779,0.001260221
B001D022C.jpg,118818,598,0,346.0,419.69,537.09,660.78,0.998739183,0.001260865
B0017009C.jpg,94217,83,0,0.0,531.14,114.24,678.54,0.998736203,0.001263753
B0030027C.jpg,196647,641,0,459.99,797.26,575.69,918.03,0.998726547,0.00127347
B003F026C.jpg,258086,556,0,754.85,16.14,940.34,227.85,0.998720586,0.001279412
B001600EC.jpg,90126,99,0,546.17,693.04,640.64,784.44,0.998718143,0.001281864
B0022026C.jpg,139302,27,0,330.3,76.92,696.44,489.11,0.998700023,0.001299936
B0017027C.jpg,94247,631,0,0.0,130.27,114.05,317.96,0.998679936,0.001320096
B0025039C.jpg,151609,614,0,433.58,0.0,642.65,352.02,0.998631775,0.001368241
B001503AC.jpg,86074,918,0,353.25,543.93,471.74,666.58,0.998607099,0.001392915
B000802BC.jpg,32811,356,0,304.54,744.97,562.16,1011.96,0.998603761,0.00139624
B003102AC.jpg,200746,831,0,3.17,9.89,114.08,87.15,0.998595774,0.001404167
B0020006C.jpg,131078,14,0,742.14,68.73,885.89,200.6,0.998570919,0.001429076
B0005028C.jpg,20520,855,0,798.55,740.41,991.07,936.32,0.998570919,0.001429039
B000B010C.jpg,45072,126,0,609.25,523.97,734.77,652.19,0.998570085,0.001429874
B001B033C.jpg,110643,746,0,36.89,506.37,205.77,669.25,0.998555243,0.001444783
B002E015C.jpg,188437,809,0,146.52,28.6,401.87,542.46,0.998545408,0.001454678
B000E009C.jpg,57353,403,0,0.0,119.73,115.48,295.57,0.998532653,0.001467379
B0031031C.jpg,200753,866,0,830.89,226.61,928.57,344.25,0.998517692,0.001482355
B001502FC.jpg,86063,811,0,338.88,339.23,507.56,546.03,0.998498082,0.001501957
B003A02EC.jpg,237614,849,0,353.33,226.04,545.56,431.34,0.998477399,0.001522545
B0030032C.jpg,196658,248,0,720.6,294.18,838.85,420.77,0.998456359,0.001543643
B0039015C.jpg,233493,588,0,452.17,937.48,606.24,1024.0,0.998448253,0.00155167
B0001021C.jpg,4129,387,0,481.82,387.38,602.1,502.73,0.998441637,0.001558342
B0009032C.jpg,36914,107,0,510.41,182.01,681.11,362.42,0.998423815,0.001576239
B0037033C.jpg,225331,377,0,10.21,63.63,165.0,197.25,0.99841547,0.001584564
B000C02FC.jpg,49199,141,0,427.08,255.43,594.88,441.61,0.998405039,0.00159497
B0033020C.jpg,208928,927,0,205.82,907.57,341.13,1024.0,0.99838984,0.001610149
B001301EC.jpg,77854,122,0,135.16,742.73,295.29,916.27,0.998371422,0.001628551
B0034031C.jpg,213041,654,0,844.0,203.92,972.24,330.5,0.998362601,0.001637372
B001802CC.jpg,98348,876,0,528.2,393.9,628.72,489.61,0.99829489,0.001705064
B001E014C.jpg,122900,605,0,624.74,933.39,756.72,1024.0,0.998270631,0.001729295
B0006034C.jpg,24628,185,0,417.27,780.56,563.16,1001.68,0.998218954,0.001781072
B001400BC.jpg,81931,265,0,258.45,649.66,474.98,865.97,0.998166025,0.001834056
B000D020C.jpg,53280,493,0,711.85,815.68,1024.0,1024.0,0.998127401,0.001872559
B001F039C.jpg,127033,151,0,373.58,636.85,523.62,877.3,0.998115897,0.001884079
B002D024C.jpg,184356,645,0,2.6,465.43,215.8,697.8,0.998047829,0.00195215
B001603BC.jpg,90171,25,0,847.81,603.61,997.02,778.32,0.997996867,0.002003127
B001F006C.jpg,126982,244,0,267.11,141.44,421.91,289.15,0.997964025,0.002035975
B003A032C.jpg,237618,518,0,271.75,24.44,409.67,194.44,0.997955918,0.002044031
B000D00FC.jpg,53263,365,0,478.99,482.58,673.75,704.65,0.997950613,0.00204942
B001100CC.jpg,69644,260,0,287.97,442.66,415.13,572.98,0.997941077,0.002058945
B001E003C.jpg,122883,417,0,18.08,58.01,240.11,468.29,0.997936845,0.002063129
B001A00CC.jpg,106508,532,0,330.95,845.49,669.33,1004.56,0.997932315,0.002067701
B0013026C.jpg,77862,512,0,606.16,904.53,746.35,1024.0,0.997926116,0.002073894
B002D01DC.jpg,184349,603,0,820.15,181.76,980.8,334.82,0.997918665,0.002081324
B000E00DC.jpg,57357,434,0,847.62,564.01,961.28,684.41,0.997890651,0.002109308
B0022036C.jpg,139318,431,0,355.81,0.0,539.24,126.12,0.997838676,0.002161409
B002F007C.jpg,192519,758,0,146.32,775.22,261.18,928.19,0.997806728,0.002193264
B000B02EC.jpg,45102,745,0,312.24,620.91,439.63,738.78,0.997792959,0.002207025
B0010014C.jpg,65556,861,0,166.31,790.75,392.99,1024.0,0.997698486,0.002301461
B0014008C.jpg,81928,455,0,49.84,198.72,168.6,331.91,0.997692943,0.002307102
B0024021C.jpg,147489,685,0,817.07,834.45,957.5,967.49,0.99769032,0.00230967
B0026020C.jpg,155680,652,0,0.09,376.53,367.06,830.95,0.997678578,0.002321498
B0026017C.jpg,155671,385,0,130.55,650.43,254.43,792.39,0.997542143,0.002457922
B0018020C.jpg,98336,134,0,275.91,0.0,406.79,94.29,0.997541904,0.002458068
B0024036C.jpg,147510,597,0,204.71,691.36,332.06,828.25,0.997539878,0.002460089
B002103FC.jpg,135231,436,0,269.34,205.66,391.49,337.75,0.997522891,0.002477132
B001D018C.jpg,118808,670,0,100.0,41.42,280.86,206.84,0.997522175,0.002477794
B0018013C.jpg,98323,650,0,187.94,371.42,324.91,527.2,0.997506678,0.002493312
B0019016C.jpg,102422,537,0,457.21,669.51,591.44,806.01,0.997451246,0.002548778
B000602EC.jpg,24622,878,0,31.23,611.01,152.13,711.9,0.997442603,0.002557435
B001C030C.jpg,114736,539,0,681.11,923.85,854.41,1024.0,0.997419,0.002580978
B0007016C.jpg,28694,880,0,551.89,18.27,888.69,320.52,0.997400999,0.00259907
B0007018C.jpg,28696,255,0,301.15,64.9,436.29,198.7,0.997397065,0.00260292
B0023028C.jpg,143400,211,0,599.12,687.41,768.85,847.8,0.997375011,0.002624991
B001801EC.jpg,98334,668,0,525.07,125.91,665.05,274.4,0.997301042,0.002699041
B000C011C.jpg,49169,95,0,513.59,266.23,670.19,446.94,0.997263551,0.002736507
B0025016C.jpg,151574,675,0,194.19,456.74,326.34,598.11,0.997088492,0.002911478
B002F036C.jpg,192566,526,0,230.13,153.58,328.09,241.87,0.997030258,0.002969703
B0017028C.jpg,94248,138,0,318.9,118.2,422.19,239.57,0.996933222,0.003066774
B002A02FC.jpg,172079,649,0,473.45,448.43,704.41,694.69,0.996905863,0.003094072
B0034030C.jpg,213040,738,0,941.5,406.86,1013.66,570.59,0.996898055,0.003101936
B0011006C.jpg,69638,229,0,153.98,581.1,280.52,735.81,0.996882081,0.003117884
B0020003C.jpg,131075,10,0,667.65,122.19,1014.32,405.2,0.996876597,0.003123426
B0019019C.jpg,102425,681,0,385.07,682.05,534.53,819.9,0.996833384,0.003166584
B000A026C.jpg,40998,931,0,563.35,463.25,709.78,575.69,0.996821165,0.003178796
B000A01AC.jpg,40986,796,0,837.47,332.62,975.51,478.27,0.996819019,0.003181003
B002000CC.jpg,131084,912,0,533.03,540.21,665.81,672.41,0.996761918,0.00323805
B0001026C.jpg,4134,780,0,518.68,873.09,658.33,999.38,0.996736944,0.003263043
B003201EC.jpg,204830,487,0,773.34,0.0,900.28,106.89,0.996730447,0.003269604
B003100CC.jpg,200716,736,0,0.0,856.41,111.76,998.42,0.996686518,0.003313481
B001301EC.jpg,77854,65,0,760.12,782.87,903.26,926.97,0.996636152,0.003363777
B0018023C.jpg,98339,701,0,0.0,460.54,110.07,592.41,0.996633112,0.003366883
B002300FC.jpg,143375,410,0,213.28,624.22,348.13,776.64,0.996605515,0.003394529
B0037015C.jpg,225301,819,0,50.56,501.31,211.72,645.31,0.9965868,0.003413158
B003B024C.jpg,241700,726,0,309.85,306.38,433.57,438.43,0.996585369,0.003414591
B001903EC.jpg,102462,513,0,535.37,508.65,690.23,677.93,0.99649471,0.003505242
B0024021C.jpg,147489,735,0,838.59,661.14,952.38,771.64,0.996489286,0.003510794
B0018019C.jpg,98329,473,0,727.77,840.19,880.29,980.55,0.996472895,0.003527115
B000B024C.jpg,45092,409,0,7.02,620.67,514.24,1024.0,0.99643147,0.003568455
B001001BC.jpg,65563,193,0,387.25,806.88,522.9,946.26,0.996419787,0.003580269
B0038021C.jpg,229409,770,0,315.7,944.99,444.73,1024.0,0.996404886,0.003595141
B0015011C.jpg,86033,766,0,894.8,605.69,1024.0,737.88,0.996391475,0.003608555
B0026014C.jpg,155668,907,0,816.82,298.43,950.83,434.83,0.996376455,0.003623496
B0018010C.jpg,98320,899,0,800.94,204.65,943.14,350.29,0.996375978,0.003623988
B001102BC.jpg,69675,464,0,610.15,377.84,754.06,518.63,0.996323705,0.003676364
B001D02BC.jpg,118827,920,0,0.0,765.97,106.06,894.26,0.996305108,0.003694869
B000601CC.jpg,24604,258,0,0.0,250.93,136.78,439.04,0.99622345,0.003776545
B003002BC.jpg,196651,316,0,172.24,748.39,315.74,885.95,0.996199667,0.003800307
B0013011C.jpg,77841,370,0,539.25,516.58,762.81,836.98,0.996138394,0.003861599
B001F014C.jpg,126996,422,0,345.21,170.63,515.76,370.6,0.996120751,0.003879259
B0018039C.jpg,98361,363,0,585.86,747.0,723.17,889.64,0.99598676,0.004013252
B003E01CC.jpg,253980,401,0,921.39,168.82,1024.0,264.23,0.995951533,0.004048469
B000F006C.jpg,61446,762,0,25.37,943.21,153.79,1024.0,0.995920658,0.00407938
B0017017C.jpg,94231,350,0,519.37,157.69,612.47,265.74,0.995883226,0.004116817
B001101EC.jpg,69662,620,0,582.07,106.26,758.07,307.69,0.995860994,0.004139021
B0031024C.jpg,200740,755,0,357.63,236.55,683.97,676.4,0.995841324,0.00415871
B001202EC.jpg,73774,307,0,708.37,115.98,844.81,257.75,0.995789707,0.004210351
B001D036C.jpg,118838,21,0,349.27,417.65,519.48,596.77,0.995757282,0.004242731
B0011029C.jpg,69673,845,0,441.26,810.62,610.0,997.19,0.995680451,0.00431956
B001C004C.jpg,114692,295,0,437.86,739.61,585.39,875.63,0.995612979,0.004387021
B0017030C.jpg,94256,325,0,652.37,650.93,780.95,788.8,0.995575547,0.00442451
B002502CC.jpg,151596,33,0,14.64,82.14,374.46,610.09,0.995465696,0.004534328
B002E033C.jpg,188467,582,0,713.53,549.31,1024.0,998.74,0.995432973,0.004567105
B0037013C.jpg,225299,782,0,21.82,600.16,162.44,743.85,0.995428681,0.004571292
B0024009C.jpg,147465,389,0,634.77,391.96,744.15,487.29,0.995391369,0.004608649
B002B00CC.jpg,176140,708,0,814.79,117.28,954.65,248.25,0.995390296,0.004609651
B0032027C.jpg,204839,231,0,482.16,193.25,679.48,393.89,0.995353103,0.004646868
B0026024C.jpg,155684,688,0,478.68,900.09,703.62,1024.0,0.995340586,0.004659465
B0004029C.jpg,16425,408,0,797.1,1.63,917.4,111.4,0.995278358,0.004721595
B000B036C.jpg,45110,160,0,526.54,422.23,694.4,605.5,0.995233595,0.004766384
B0021019C.jpg,135193,241,0,828.09,625.31,953.94,750.55,0.995201588,0.004798381
B0033011C.jpg,208913,837,0,438.31,524.73,581.81,655.54,0.995179415,0.004820636
B001F02AC.jpg,127018,808,0,447.51,0.0,589.32,68.64,0.995148957,0.004851106
B0017015C.jpg,94229,896,0,626.38,132.75,755.0,282.14,0.995110452,0.004889594
B000601EC.jpg,24606,299,0,816.0,710.73,1013.31,984.29,0.995064199,0.004935852
B002300CC.jpg,143372,879,0,743.45,65.92,886.86,273.74,0.994990766,0.005009181
B002500CC.jpg,151564,378,0,347.12,603.04,497.61,749.15,0.994868279,0.005131688
B0035033C.jpg,217139,921,0,728.31,621.44,834.81,732.46,0.994787931,0.005212114
B0014029C.jpg,81961,196,0,1.39,608.79,235.0,852.75,0.994779825,0.005220165
B000502CC.jpg,20524,53,0,454.18,510.93,629.87,681.45,0.994753718,0.005246295
B0021034C.jpg,135220,124,0,24.49,202.38,172.26,342.9,0.994735301,0.005264666
B001103CC.jpg,69692,32,0,415.09,341.15,572.51,499.19,0.994698644,0.005301397
B000701AC.jpg,28698,543,0,416.32,11.58,619.58,220.03,0.994648635,0.005351402
B0035010C.jpg,217104,852,0,435.92,32.51,633.91,216.81,0.994585693,0.005414336
B0039014C.jpg,233492,524,0,0.0,243.21,300.48,594.27,0.994565845,0.005434201
B0003025C.jpg,12325,466,0,141.04,3.27,366.59,179.4,0.994509518,0.005490542
B0037016C.jpg,225302,76,0,251.5,500.87,401.51,615.8,0.99448204,0.005517976
B0033014C.jpg,208916,386,0,26.47,532.5,321.34,798.16,0.99447906,0.005520951
B001501DC.jpg,86045,869,0,143.74,763.06,258.52,899.15,0.994439006,0.00556104
B0035012C.jpg,217106,559,0,300.42,7.64,453.21,94.5,0.994310617,0.005689321
B001E00FC.jpg,122895,324,0,116.89,113.71,255.08,262.85,0.994309425,0.005690608
B0024033C.jpg,147507,296,0,366.2,368.1,529.5,527.7,0.994277954,0.005722053
B0030031C.jpg,196657,628,0,306.67,598.0,552.52,801.12,0.994115591,0.005884376
B0018035C.jpg,98357,589,0,35.12,431.14,197.07,590.84,0.994100869,0.005899061
B002A018C.jpg,172056,478,0,167.68,916.37,331.76,1024.0,0.994058728,0.005941295
B0011024C.jpg,69668,694,0,527.3,373.78,668.96,524.84,0.993993461,0.006006522
B000D018C.jpg,53272,824,0,127.37,299.71,252.55,421.49,0.99396956,0.006030397
B0035032C.jpg,217138,69,0,229.96,532.13,368.71,664.21,0.993788183,0.006211753
B0006033C.jpg,24627,711,0,0.0,399.03,127.16,801.2,0.993642926,0.006357098
B003202FC.jpg,204847,144,0,930.7,100.67,1023.75,235.06,0.993563294,0.006436706
B002E018C.jpg,188440,676,0,492.92,377.3,679.66,585.08,0.993472755,0.006527259
B000D012C.jpg,53266,821,0,397.29,750.36,599.7,927.74,0.993418574,0.006581462
B001E022C.jpg,122914,723,0,201.44,290.93,302.65,391.6,0.993402421,0.006597618
B0011033C.jpg,69683,853,0,758.25,942.35,933.35,1012.63,0.99338913,0.006610876
B0003028C.jpg,12328,424,0,41.9,12.25,205.35,206.61,0.993239164,0.006760821
B0012024C.jpg,73764,815,0,603.65,865.42,736.04,1001.82,0.992961347,0.007038656
B001C01FC.jpg,114719,26,0,0.0,659.13,421.2,988.23,0.992789328,0.007210638
B003A013C.jpg,237587,686,0,355.37,381.57,502.07,523.68,0.992751956,0.007248095
B0026005C.jpg,155653,604,0,674.98,618.5,1016.85,1024.0,0.992621899,0.007378115
B0016009C.jpg,90121,426,0,596.35,450.61,721.39,585.05,0.992403626,0.007596384
B002C023C.jpg,180259,886,0,110.55,210.53,241.72,383.68,0.992357135,0.007642846
B0002026C.jpg,8230,683,0,279.68,706.05,399.87,829.48,0.992344201,0.007655779
B0018016C.jpg,98326,207,0,698.47,729.29,855.76,884.86,0.992335856,0.007664093
B0023014C.jpg,143380,416,0,179.22,673.29,349.84,854.15,0.992250383,0.00774955
B0001029C.jpg,4137,214,0,0.0,446.45,109.36,613.99,0.99220407,0.007796006
B001C002C.jpg,114690,60,0,282.27,150.99,410.95,276.97,0.992155254,0.007844733
B002B018C.jpg,176152,814,0,812.08,437.65,1020.96,690.55,0.992153823,0.007846172
B0027036C.jpg,159798,443,0,453.89,767.12,578.29,894.93,0.992118716,0.007881276
B003B019C.jpg,241689,250,0,735.02,778.68,867.5,896.88,0.992095947,0.00790397
B0038036C.jpg,229430,446,0,0.0,758.96,90.88,886.01,0.992093742,0.007906304
B001F02CC.jpg,127020,155,0,677.66,212.08,849.31,355.01,0.992075205,0.007924764
B003A014C.jpg,237588,173,0,566.53,249.78,744.86,444.16,0.991971135,0.008028899
B0031038C.jpg,200760,611,0,158.44,945.85,278.76,1011.66,0.991890669,0.00810929
B0020030C.jpg,131120,508,0,786.22,255.29,976.8,442.71,0.991877556,0.008122446
B001800DC.jpg,98317,832,0,760.53,495.67,917.57,623.2,0.991516113,0.008483876
B0029011C.jpg,167953,833,0,13.31,0.0,133.04,103.89,0.991510928,0.008489083
B002C034C.jpg,180276,251,0,43.15,747.03,171.71,889.77,0.991502404,0.008497576
B000F032C.jpg,61490,249,0,598.67,820.74,729.7,955.72,0.991490781,0.008509199
B001F022C.jpg,127010,934,0,586.73,30.13,721.4,172.18,0.991398931,0.008601097
B0004016C.jpg,16406,515,0,298.22,646.72,408.51,758.71,0.991272628,0.008727392
B0038034C.jpg,229428,636,0,0.0,205.45,131.42,356.46,0.991206229,0.008793748
B001802FC.jpg,98351,37,0,390.88,365.07,527.02,498.56,0.991162062,0.008837977
B0038016C.jpg,229398,718,0,829.48,678.14,1008.71,836.4,0.991018534,0.008981486
B003802FC.jpg,229423,916,0,6.77,344.11,93.67,497.92,0.991007507,0.008992505
B000C023C.jpg,49187,131,0,801.41,515.6,963.83,659.86,0.990751266,0.009248703
B0009019C.jpg,36889,706,0,547.86,199.33,692.6,347.59,0.990681231,0.00931884
B0004024C.jpg,16420,732,0,895.99,184.03,1024.0,329.99,0.990615487,0.009384501
B0030039C.jpg,196665,533,0,511.31,378.53,670.89,544.13,0.990284264,0.009715765
B003200DC.jpg,204813,111,0,813.28,366.25,973.36,529.11,0.989976943,0.010023077
B001F03DC.jpg,127037,895,0,759.43,534.94,887.53,678.71,0.989442706,0.010557346
B0012036C.jpg,73782,774,0,0.0,799.64,109.22,995.72,0.989441037,0.010558965
B0026019C.jpg,155673,94,0,766.93,812.16,922.84,981.65,0.98937726,0.010622761
B0008029C.jpg,32809,540,0,208.19,842.84,336.75,977.67,0.989376187,0.010623789
B0031039C.jpg,200761,888,0,460.02,72.47,689.65,440.09,0.989285052,0.010714941
B003A02AC.jpg,237610,1,0,421.06,97.95,606.21,269.88,0.988840401,0.011159567
B0011032C.jpg,69682,345,0,196.29,88.57,495.04,341.05,0.988784194,0.01121581
B002900FC.jpg,167951,818,0,932.06,689.87,1024.0,838.91,0.988692284,0.011307702
B0031022C.jpg,200738,175,0,434.81,780.25,567.56,917.39,0.988614082,0.011385895
B000C021C.jpg,49185,475,0,447.09,353.46,586.38,493.33,0.988509119,0.011490875
B002F024C.jpg,192548,269,0,424.19,242.75,727.1,440.95,0.988296568,0.01170343
B0014020C.jpg,81952,277,0,209.47,508.38,357.51,666.37,0.988148391,0.011851646
B000802FC.jpg,32815,857,0,604.64,594.1,732.35,727.92,0.987863719,0.012136269
B003B00BC.jpg,241675,704,0,149.36,36.24,271.37,167.93,0.987723827,0.012276189
B002400BC.jpg,147467,697,0,386.03,838.56,480.62,930.25,0.98772186,0.012278143
B0008014C.jpg,32788,657,0,215.28,158.33,434.21,375.86,0.987270117,0.012729934
B003E018C.jpg,253976,839,0,76.41,675.59,213.56,836.6,0.987013757,0.012986268
B003302FC.jpg,208943,887,0,709.1,520.86,846.46,663.01,0.9868716,0.013128355
B0033016C.jpg,208918,617,0,786.39,510.51,907.74,648.06,0.986395597,0.013604354
B002D016C.jpg,184342,428,0,660.0,227.28,800.66,353.03,0.986255705,0.013744318
B0027034C.jpg,159796,739,0,470.24,493.72,665.91,693.53,0.986233115,0.013766915
B002402DC.jpg,147501,391,0,185.14,131.76,305.37,258.28,0.985981464,0.014018527
B002A037C.jpg,172087,731,0,823.01,439.99,954.85,578.1,0.985710919,0.014289078
B001B038C.jpg,110648,465,0,487.04,845.05,603.25,964.21,0.985343337,0.01465667
B000F014C.jpg,61460,590,0,223.17,771.39,360.25,902.11,0.985292375,0.014707571
B002E00DC.jpg,188429,171,0,126.17,909.87,265.37,1024.0,0.98522687,0.01477314
B002E032C.jpg,188466,154,0,845.74,508.74,974.35,648.5,0.985162675,0.014837286
B002A00CC.jpg,172044,626,0,204.21,664.56,347.88,812.98,0.984836876,0.015163179
B0021022C.jpg,135202,848,0,430.23,380.77,573.14,526.56,0.984475553,0.015524426
B003A029C.jpg,237609,195,0,466.12,470.34,583.19,591.14,0.984328747,0.015671207
B0031014C.jpg,200724,759,0,290.0,206.88,421.99,343.81,0.983890831,0.016109137
B0037018C.jpg,225304,781,0,191.16,131.14,367.28,302.24,0.983881235,0.01611877
B0021018C.jpg,135192,445,0,596.76,223.38,751.13,369.25,0.983641624,0.01635831
B002102AC.jpg,135210,630,0,868.49,0.0,996.69,67.06,0.983455718,0.016544258
B001E001C.jpg,122881,705,0,721.34,197.13,904.45,365.79,0.983283043,0.016716894
B003C00EC.jpg,245774,601,0,769.52,0.0,885.7,102.96,0.98318392,0.016816076
B0030018C.jpg,196632,339,0,169.3,413.48,346.75,627.86,0.983015597,0.016984411
B001C035C.jpg,114741,399,0,0.0,0.0,136.57,100.39,0.98282814,0.017171832
B002C03BC.jpg,180283,510,0,21.58,416.05,197.79,604.92,0.982781112,0.017218875
B003203AC.jpg,204858,400,0,306.46,0.0,437.2,122.35,0.981865048,0.018134924
B0023009C.jpg,143369,123,0,608.37,35.32,741.16,176.36,0.981646836,0.018353224
B000B02BC.jpg,45099,486,0,652.97,460.73,877.42,687.59,0.981442034,0.018557912
B0012006C.jpg,73734,209,0,756.63,821.3,907.13,969.0,0.980988383,0.01901166
B001C013C.jpg,114707,376,0,741.27,725.84,918.04,918.37,0.9809255,0.019074529
B003C01CC.jpg,245788,319,0,2.04,721.67,108.87,877.23,0.980719388,0.019280579
B001901CC.jpg,102428,181,0,816.69,296.93,935.09,415.34,0.980704248,0.019295756
B002E024C.jpg,188452,113,0,236.22,742.86,358.1,875.87,0.980703831,0.019296153
B001F021C.jpg,127009,495,0,846.01,261.33,994.56,453.85,0.980587482,0.019412488
B001A012C.jpg,106514,570,0,682.05,448.02,817.91,577.36,0.98039341,0.019606559
B0016034C.jpg,90164,168,0,207.45,119.52,345.58,263.35,0.980223179,0.019776763
B0001028C.jpg,4136,66,0,193.54,667.13,369.96,829.69,0.980046928,0.019953074
B002A01AC.jpg,172058,448,0,427.68,278.06,565.84,425.02,0.979935765,0.020064183
B0013018C.jpg,77848,624,0,583.9,606.75,730.71,748.83,0.979892492,0.020107448
B002C00FC.jpg,180239,520,0,461.77,530.94,582.86,672.92,0.979880154,0.020119876
B002202DC.jpg,139309,418,0,192.86,857.93,309.66,951.68,0.979854047,0.02014594
B002D013C.jpg,184339,130,0,253.07,426.81,399.08,582.24,0.979612052,0.020387989
B0001025C.jpg,4133,327,0,443.13,777.45,563.25,898.49,0.97936511,0.020634845
B0024023C.jpg,147491,120,0,176.38,496.92,352.14,666.54,0.979254544,0.020745434
B000E032C.jpg,57394,692,0,359.41,852.48,487.57,1017.91,0.979074657,0.020925369
B0032013C.jpg,204819,610,0,129.12,301.15,267.38,425.88,0.977655768,0.022344258
B001C02CC.jpg,114732,187,0,221.33,749.99,388.23,914.88,0.977619171,0.022380816
B0029010C.jpg,167952,794,0,0.0,713.21,56.62,845.09,0.977412641,0.02258737
B0026019C.jpg,155673,156,0,423.01,22.9,554.91,174.16,0.976863563,0.023136431
B003C029C.jpg,245801,146,0,689.56,72.06,823.91,204.17,0.976815343,0.023184586
B001E028C.jpg,122920,629,0,869.73,603.36,1000.02,747.05,0.976659894,0.023340125
B001D03BC.jpg,118843,166,0,347.72,420.96,494.23,589.75,0.976470292,0.023529768
B0034012C.jpg,213010,691,0,353.01,694.62,485.64,850.85,0.976427436,0.023572577
B001D01DC.jpg,118813,507,0,0.0,621.51,113.53,771.14,0.976414025,0.023586053
B0016013C.jpg,90131,437,0,56.07,531.35,195.54,666.78,0.976194263,0.023805792
B000E02CC.jpg,57388,619,0,897.03,828.63,1024.0,973.57,0.976030707,0.023969274
B003A02EC.jpg,237614,740,0,599.55,33.98,717.35,158.64,0.975686014,0.024313916
B0022027C.jpg,139303,102,0,192.09,831.92,364.92,1015.01,0.975398123,0.024601847
B000F011C.jpg,61457,373,0,474.21,56.8,695.47,285.47,0.975152493,0.024847506
B000F00FC.jpg,61455,530,0,719.71,710.01,821.83,817.13,0.974509835,0.025490128
B002102EC.jpg,135214,182,0,59.18,368.25,195.72,503.43,0.974509716,0.025490247
B0021029C.jpg,135209,2,0,527.91,138.42,711.62,308.27,0.974371195,0.025628796
B0003019C.jpg,12313,483,0,0.0,636.79,133.39,807.88,0.97382158,0.026178462
B0013016C.jpg,77846,162,0,707.56,685.22,837.65,824.01,0.97377938,0.026220629
B003B022C.jpg,241698,798,0,383.81,241.32,507.65,373.22,0.973765016,0.02623496
B0006010C.jpg,24592,286,0,132.59,224.56,269.73,383.16,0.973610759,0.026389251
B002C01DC.jpg,180253,449,0,400.93,176.98,611.85,382.8,0.972349167,0.027650854
B000E007C.jpg,57351,463,0,666.73,13.74,796.52,194.0,0.972332478,0.027667467
B002800BC.jpg,163851,873,0,110.79,672.66,273.3,842.81,0.972100854,0.027899139
B002B01EC.jpg,176158,807,0,380.36,540.79,504.5,686.51,0.972083926,0.027916098
B001F023C.jpg,127011,49,0,743.6,212.44,892.44,374.5,0.972019374,0.027980657
B0018017C.jpg,98327,481,0,0.0,449.1,114.45,596.51,0.971975565,0.028024415
B002702DC.jpg,159789,458,0,63.95,884.57,183.84,985.66,0.971885026,0.028114954
B0033014C.jpg,208916,903,0,348.78,820.74,461.52,936.91,0.970069349,0.029930646
B000A038C.jpg,41016,497,0,582.62,500.98,767.08,667.0,0.969165146,0.030834794
B001502DC.jpg,86061,479,0,666.34,858.52,818.06,1003.6,0.968610883,0.031389099
B0022013C.jpg,139283,492,0,270.77,350.88,429.67,535.7,0.968601048,0.031398945
B0010031C.jpg,65585,835,0,209.06,526.5,345.94,672.24,0.968340158,0.031659864
B0025035C.jpg,151605,330,0,814.43,223.31,976.94,467.08,0.967238843,0.032761142
B0036010C.jpg,221200,348,0,694.59,369.42,845.15,517.96,0.96651566,0.033484269
B001F01AC.jpg,127002,312,0,132.88,690.65,270.5,830.87,0.966204882,0.033795148
B0036031C.jpg,221233,402,0,699.49,278.47,832.56,421.31,0.965890229,0.034109708
B0024018C.jpg,147480,414,0,811.71,759.81,992.11,913.14,0.965704679,0.034295321
B0008034C.jpg,32820,78,0,920.68,0.0,1024.0,133.26,0.965201735,0.034798279
B001F00EC.jpg,126990,791,0,683.45,579.67,847.52,768.21,0.965142548,0.034857493
B0007019C.jpg,28697,247,0,218.34,523.97,370.88,679.27,0.964604437,0.035395537
B0037024C.jpg,225316,643,0,258.19,0.0,420.42,136.12,0.964146972,0.035852991
B0024031C.jpg,147505,371,0,62.33,58.64,181.1,179.61,0.9639377,0.036062341
B0011019C.jpg,69657,31,0,137.83,0.0,278.5,128.13,0.963581622,0.036418375
B0036024C.jpg,221220,93,0,128.79,382.88,282.24,586.21,0.962553442,0.037446529
B002701BC.jpg,159771,444,0,523.32,667.52,968.58,1017.81,0.962091982,0.037908006
B0025038C.jpg,151608,568,0,231.3,669.45,352.53,793.13,0.961658895,0.038341098
B0037035C.jpg,225333,713,0,655.57,662.32,812.22,803.14,0.960852563,0.039147429
B003501CC.jpg,217116,470,0,534.44,282.51,640.85,381.91,0.960767806,0.03923212
B0028024C.jpg,163876,47,0,507.34,249.01,663.53,408.96,0.959277987,0.040721972
B0026002C.jpg,155650,23,0,476.54,589.55,598.59,724.7,0.958952188,0.041047759
B002B01AC.jpg,176154,74,0,0.0,518.24,127.68,695.03,0.957478404,0.04252157
B0019019C.jpg,102425,592,0,839.45,46.18,984.78,180.19,0.957453251,0.04254676
B000D037C.jpg,53303,340,0,340.07,846.01,508.99,969.79,0.957027912,0.042972036
B002E031C.jpg,188465,413,0,883.8,130.87,1024.0,297.18,0.956596613,0.043403439
B001C01BC.jpg,114715,595,0,852.76,910.01,996.21,1024.0,0.955529869,0.044470161
B001B00DC.jpg,110605,394,0,665.07,225.98,772.55,324.61,0.95543462,0.044565331
B0020012C.jpg,131090,922,0,429.24,46.14,557.5,197.59,0.955325603,0.044674441
B001B02BC.jpg,110635,800,0,876.65,449.77,977.05,548.9,0.955050528,0.044949509
B002C02AC.jpg,180266,854,0,718.42,0.0,873.19,63.91,0.954883635,0.045116305
B001C023C.jpg,114723,695,0,694.62,119.9,839.77,282.74,0.954222679,0.045777336
B001A02EC.jpg,106542,851,0,505.11,173.94,655.1,311.6,0.954135954,0.045863979
B0032034C.jpg,204852,139,0,571.09,755.51,762.91,934.74,0.953933716,0.046066243
B002503AC.jpg,151610,653,0,391.46,551.25,929.92,946.29,0.953830242,0.046169698
B002E004C.jpg,188420,856,0,855.34,49.88,964.99,144.77,0.953079998,0.046919979
B001400AC.jpg,81930,813,0,598.22,147.07,699.33,267.0,0.952007473,0.047992572
B0031016C.jpg,200726,238,0,517.2,0.0,687.29,120.3,0.951135933,0.048864108
B001B02AC.jpg,110634,100,0,346.78,285.39,497.88,443.54,0.950146616,0.049853366
B001A005C.jpg,106501,699,0,731.87,365.58,915.93,535.27,0.950057745,0.049942289
B002100DC.jpg,135181,749,0,909.08,458.13,1018.91,572.43,0.949508667,0.050491292
B0007014C.jpg,28692,118,0,204.19,595.44,339.48,731.47,0.949323952,0.0506761
B002F015C.jpg,192533,608,0,126.57,413.84,304.51,606.86,0.948679686,0.051320374
B0006013C.jpg,24595,147,0,802.93,530.53,947.2,666.28,0.948050201,0.051949829
B0040029C.jpg,262185,20,0,397.21,153.03,574.95,400.05,0.947645068,0.052354943
B000A022C.jpg,40994,347,0,202.56,350.95,320.39,479.22,0.947494328,0.052505694
B000401AC.jpg,16410,67,0,584.43,539.78,729.46,671.78,0.94438082,0.055619139
B0004014C.jpg,16404,765,0,425.25,756.42,597.51,902.55,0.942103803,0.057896253
B002F00CC.jpg,192524,243,0,482.44,541.7,685.83,835.44,0.941325068,0.058674887
B002B038C.jpg,176184,514,0,629.89,201.17,991.05,820.39,0.93987447,0.060125533
B000C00CC.jpg,49164,388,0,807.47,131.48,943.96,269.97,0.939705253,0.06029477
B003401CC.jpg,213020,917,0,219.85,557.62,348.23,742.59,0.939627886,0.060372133
B0016016C.jpg,90134,288,0,631.1,609.75,760.86,744.22,0.93883425,0.061165772
B0016024C.jpg,90148,717,0,256.48,210.13,751.56,506.52,0.938124418,0.061875645
B003401AC.jpg,213018,810,0,278.91,297.92,399.64,421.37,0.93690753,0.063092463
B003B025C.jpg,241701,457,0,596.6,728.26,750.03,905.21,0.936149895,0.063850105
B0005030C.jpg,20528,772,0,512.97,379.14,783.93,853.63,0.935610712,0.064389281
B001B02BC.jpg,110635,682,0,133.61,530.3,262.5,662.98,0.935438454,0.064561531
B0027030C.jpg,159792,860,0,547.84,816.6,691.78,931.26,0.935365677,0.064634308
B002603CC.jpg,155708,827,0,428.86,831.03,570.64,985.01,0.934275448,0.065724537
B0033038C.jpg,208952,729,0,292.9,847.98,444.6,1006.13,0.933662891,0.066337168
B002102DC.jpg,135213,219,0,690.28,753.53,836.68,911.95,0.93270272,0.067297228
B0011027C.jpg,69671,432,0,351.95,0.0,495.32,66.44,0.930994511,0.069005482
B000C00CC.jpg,49164,586,0,0.0,618.97,98.57,767.6,0.929620147,0.070379809
B003100BC.jpg,200715,71,0,45.06,495.16,192.56,708.86,0.927874982,0.07212498
B0000022C.jpg,34,569,0,793.1,646.91,973.4,837.23,0.92760402,0.07239601
B000E033C.jpg,57395,51,0,370.15,308.99,512.22,455.53,0.927061915,0.072938047
B0029025C.jpg,167973,264,0,298.12,592.38,467.8,741.81,0.926828325,0.073171757
B001F00FC.jpg,126991,804,0,298.25,0.0,550.8,876.78,0.924695909,0.075304143
B002F038C.jpg,192568,24,0,3.93,534.14,128.0,670.37,0.922773182,0.077226788
B002F027C.jpg,192551,329,0,695.18,431.76,912.78,613.5,0.922341764,0.077658281
B0028022C.jpg,163874,602,0,648.34,9.66,827.41,529.2,0.922098041,0.077901922
B000900DC.jpg,36877,714,0,735.02,0.0,932.06,157.51,0.921886563,0.078113481
B001902DC.jpg,102445,572,0,784.44,349.58,903.88,488.99,0.919741213,0.080258824
B0018034C.jpg,98356,778,0,888.48,537.16,1024.0,674.98,0.918897092,0.081102878
B003C034C.jpg,245812,176,0,125.26,169.22,285.06,359.39,0.908399045,0.091600947
B003202DC.jpg,204845,581,0,612.34,9.06,1024.0,330.2,0.907597303,0.092402682
B0018007C.jpg,98311,81,0,495.61,585.73,701.64,785.45,0.906471014,0.093529008
B000A033C.jpg,41011,621,0,733.26,0.0,882.85,121.19,0.899885535,0.100114442
B0005011C.jpg,20497,573,0,758.96,692.87,892.2,837.69,0.899326265,0.100673713
B001701AC.jpg,94234,152,0,765.35,186.49,949.87,365.57,0.898661911,0.101338111
B003500FC.jpg,217103,427,0,320.35,226.07,441.63,324.71,0.898261309,0.101738706
B0005018C.jpg,20504,62,0,593.08,207.55,749.14,355.84,0.897889674,0.102110304
B003402DC.jpg,213037,801,0,736.01,598.54,887.8,747.73,0.892643392,0.107356638
B002C02DC.jpg,180269,925,0,283.13,545.53,442.79,685.25,0.891253114,0.108746849
B0015014C.jpg,86036,816,0,436.71,589.39,593.55,750.9,0.88872081,0.111279182
B0015026C.jpg,86054,790,0,396.36,523.51,579.62,672.77,0.887315214,0.112684794
B002D018C.jpg,184344,632,0,240.67,432.74,441.02,596.08,0.886034787,0.113965228
B001A03BC.jpg,106555,115,0,188.98,662.21,363.49,852.14,0.881471217,0.118528768
B003802FC.jpg,229423,500,0,161.47,58.36,352.18,488.55,0.878320217,0.121679761
B002A026C.jpg,172070,157,0,823.7,62.95,974.51,225.79,0.873844266,0.126155749
B0015028C.jpg,86056,501,0,136.28,778.84,268.67,925.85,0.872651994,0.127347976
B003C023C.jpg,245795,753,0,18.69,398.56,180.39,764.5,0.868891418,0.131108597
B002B028C.jpg,176168,135,0,736.9,32.8,911.47,198.03,0.867075801,0.132924169
B000D008C.jpg,53256,215,0,589.57,359.32,749.64,523.67,0.863447368,0.136552602
B000301BC.jpg,12315,198,0,321.86,21.68,496.05,202.78,0.859772801,0.140227184
B002B02FC.jpg,176175,748,0,738.71,497.32,893.19,673.71,0.855585158,0.144414812
B0010006C.jpg,65542,335,0,638.31,612.26,761.02,719.01,0.854549468,0.145450532
B0025029C.jpg,151593,352,0,665.15,658.23,810.45,805.85,0.850750744,0.1492493
B0017032C.jpg,94258,4,0,716.95,28.38,912.27,238.05,0.844789505,0.15521051
B001D009C.jpg,118793,640,0,669.85,110.07,850.99,305.9,0.842037559,0.157962441
B0035031C.jpg,217137,459,0,306.98,275.64,439.91,413.78,0.840829849,0.159170121
B000202AC.jpg,8234,188,0,68.51,746.93,303.16,924.85,0.837493777,0.162506238
B000302FC.jpg,12335,274,0,221.56,853.06,342.23,980.28,0.835296333,0.164703682
B001E02CC.jpg,122924,805,0,52.51,859.25,158.0,973.59,0.828285754,0.171714306
B0020027C.jpg,131111,919,0,592.26,10.08,790.8,228.77,0.827875614,0.172124386
B001601FC.jpg,90143,777,0,316.7,0.0,485.93,69.52,0.82639271,0.173607364
B0011028C.jpg,69672,933,0,648.96,280.32,813.37,426.45,0.825839043,0.174160928
B0039033C.jpg,233523,558,0,0.0,741.73,126.2,888.76,0.82539928,0.174600691
B0027022C.jpg,159778,85,0,560.74,773.01,725.79,936.66,0.82490176,0.17509824
B0019028C.jpg,102440,318,0,494.15,822.31,632.9,963.51,0.824227214,0.175772756
B001002AC.jpg,65578,360,0,620.11,422.84,752.03,567.3,0.823816657,0.176183343
B0010017C.jpg,65559,795,0,0.0,334.42,238.72,535.23,0.8233549,0.17664507
B0024008C.jpg,147464,485,0,198.58,824.42,317.57,961.12,0.821971834,0.178028196
B003A033C.jpg,237619,536,0,648.67,119.87,816.32,286.68,0.8202613,0.179738715
B002A030C.jpg,172080,910,0,0.0,379.52,106.63,594.37,0.819703817,0.180296138
B0019012C.jpg,102418,806,0,454.38,454.37,576.73,583.46,0.812549949,0.187450111
B000C009C.jpg,49161,829,0,836.94,300.92,965.41,421.36,0.812200069,0.187799886
B0035010C.jpg,217104,287,0,258.06,634.86,428.72,823.76,0.810194433,0.189805597
B001E00EC.jpg,122894,22,0,800.45,808.96,959.95,967.86,0.808277726,0.191722259
B0024028C.jpg,147496,480,0,0.0,0.0,116.1,132.39,0.805893481,0.194106579
B001900CC.jpg,102412,73,0,153.82,822.01,298.8,992.53,0.80483532,0.195164651
B002D01CC.jpg,184348,59,0,176.18,95.67,340.96,302.21,0.804353416,0.195646659
B000502BC.jpg,20523,369,0,566.94,404.29,808.65,585.57,0.803796828,0.196203128
B0016009C.jpg,90121,57,0,711.73,260.72,849.89,384.95,0.793568432,0.206431583
B001E035C.jpg,122933,875,0,695.72,201.86,817.12,337.99,0.783531249,0.216468751
B002F029C.jpg,192553,909,0,932.13,22.8,1016.67,167.06,0.781899333,0.218100667
B000201CC.jpg,8220,205,0,12.53,172.65,191.7,374.84,0.779851019,0.220148981
B0006026C.jpg,24614,353,0,299.67,334.84,431.06,469.33,0.778421342,0.221578628
B0021031C.jpg,135217,724,0,437.97,55.05,588.96,195.45,0.771978855,0.22802116
B002103BC.jpg,135227,404,0,540.49,56.3,672.08,191.65,0.77096653,0.229033485
B001702AC.jpg,94250,305,0,784.12,189.9,905.55,336.78,0.770151377,0.229848623
B001402BC.jpg,81963,591,0,66.62,0.0,204.03,112.84,0.763185441,0.236814573
B001002DC.jpg,65581,594,0,567.74,122.7,714.4,263.59,0.760257065,0.239742979
B0026007C.jpg,155655,744,0,399.64,127.27,491.88,242.78,0.745252252,0.254747719
B003501FC.jpg,217119,802,0,223.04,126.62,342.69,274.23,0.744248748,0.255751193
B002F029C.jpg,192553,447,0,592.94,864.41,749.13,1000.06,0.741161525,0.258838445
B0021013C.jpg,135187,442,0,377.64,376.13,509.87,521.38,0.739460886,0.260539085
B003C019C.jpg,245785,283,0,436.67,33.67,564.5,172.89,0.724593878,0.275406152
B000601FC.jpg,24607,494,0,598.6,919.41,748.07,1024.0,0.72428441,0.27571556
B001B025C.jpg,110629,803,0,831.33,447.6,973.15,591.09,0.718366086,0.281633914
B0026022C.jpg,155682,574,0,772.26,585.73,906.59,707.17,0.714673281,0.285326689
B0001027C.jpg,4135,715,0,282.64,739.56,406.26,887.85,0.712699175,0.287300825
B002402EC.jpg,147502,270,0,414.68,126.21,587.49,306.81,0.7047925,0.29520756
B003A02DC.jpg,237613,114,0,797.78,735.4,986.05,914.67,0.698437333,0.301562667
B002403AC.jpg,147514,881,0,218.93,920.71,356.1,1024.0,0.698362172,0.301637799
B003002BC.jpg,196651,549,0,213.97,875.08,360.58,997.67,0.697853565,0.302146435
B001502EC.jpg,86062,256,0,0.0,84.99,130.93,271.11,0.695619762,0.304380238
B000D01FC.jpg,53279,119,0,111.73,136.32,262.71,285.35,0.690813601,0.309186459
B002D008C.jpg,184328,859,0,808.99,432.69,967.08,565.16,0.681667686,0.318332344
B0015030C.jpg,86064,842,0,14.37,295.72,165.76,467.56,0.680137157,0.319862843
B0001027C.jpg,4135,843,0,0.0,622.19,493.99,1024.0,0.656167209,0.34383285
B0013008C.jpg,77832,523,0,46.92,292.21,205.09,434.85,0.651598811,0.348401219
B002502DC.jpg,151597,192,0,757.52,577.61,908.95,766.43,0.646266818,0.353733122
B0006026C.jpg,24614,233,0,421.77,302.11,563.17,462.57,0.645379484,0.354620486
B002D032C.jpg,184370,882,0,835.0,462.96,990.11,618.75,0.645322442,0.354677528
B0034018C.jpg,213016,362,0,740.63,25.52,890.87,182.97,0.640311182,0.359688818
B0016036C.jpg,90166,393,0,226.36,372.61,340.61,490.15,0.639531493,0.360468477
B003B012C.jpg,241682,747,0,267.32,655.44,445.92,840.48,0.633294046,0.366705984
B0022022C.jpg,139298,609,0,587.51,353.64,772.51,529.73,0.631723404,0.368276626
B002E023C.jpg,188451,906,0,364.44,435.57,535.5,583.5,0.623589396,0.376410574
B0005034C.jpg,20532,282,0,59.05,501.81,193.32,679.57,0.605085611,0.394914359
B001C004C.jpg,114692,785,0,811.25,216.34,968.84,371.83,0.596534252,0.403465718
B000F035C.jpg,61493,430,0,926.13,534.2,1024.0,696.03,0.591891885,0.408108145
B0008025C.jpg,32805,561,0,850.48,663.77,1002.93,818.87,0.587218642,0.412781358
B0018029C.jpg,98345,674,0,2.94,84.21,112.45,186.09,0.58109796,0.418902099
B001500DC.jpg,86029,159,0,765.08,437.06,947.52,583.56,0.577221274,0.422778696
B0028007C.jpg,163847,106,0,461.57,56.72,598.48,207.55,0.558159173,0.441840798
B001E032C.jpg,122930,577,0,65.6,34.9,212.17,195.96,0.544060349,0.455939591
B0024025C.jpg,147493,3,0,728.53,179.84,938.09,369.97,0.53774029,0.46225974
B001F008C.jpg,126984,406,0,478.82,190.63,594.22,337.63,0.517784715,0.482215315
B000C01BC.jpg,49179,232,0,654.42,129.48,808.43,275.81,0.509533703,0.490466326
B0008023C.jpg,32803,224,0,83.28,384.29,608.41,799.13,0.500484765,0.499515206
