B000D029C.jpg,53289,57,0,535,474,751,636,0.82833785,0.0,2692.5,0.8214351151486087
B0010018C.jpg,65560,61,0,211,497,461,756,0.8269461,0.0,2372.5,0.8498786767337997
B000301DC.jpg,12317,89,0,319,819,513,1023,0.81055844,0.0,2013.5,0.8657777759244043
B0000022C.jpg,34,91,0,763,632,964,842,0.80996186,0.0,2444.5,0.8821232809906904
B001B02DC.jpg,110637,103,0,0,67,203,349,0.8037867,0.0,3726.0,0.8775012710042064
B0023036C.jpg,143414,134,0,0,845,166,1024,0.7937182,0.0,1937.0,0.8758155626207325
B000D010C.jpg,53264,142,0,610,795,799,992,0.7907444,0.0,2551.0,0.8693758157885915
B000B00FC.jpg,45071,151,0,288,336,465,514,0.7877077,0.0,2054.0,0.8892761491042636
B0013034C.jpg,77876,156,0,634,136,808,307,0.78545314,0.0,3197.5,0.8673296293188046
B0022032C.jpg,139314,159,0,285,623,453,786,0.7850406,0.0,1769.0,0.8749385946916365
B001B002C.jpg,110594,161,0,298,0,541,199,0.7849505,0.0,2462.5,0.8311541989465017
B001402BC.jpg,81963,178,0,150,191,347,387,0.7816505,0.0,2186.0,0.8681500492295395
B001D024C.jpg,118820,184,0,363,513,547,744,0.78011054,0.0,2080.0,0.859690177869574
B002602EC.jpg,155694,186,0,518,650,712,846,0.78005683,0.0,2576.5,0.869631993097025
B002C00FC.jpg,180239,187,0,299,187,462,340,0.7799582,0.0,2208.5,0.8794834125503668
B000802EC.jpg,32814,189,0,296,588,509,812,0.77965915,0.0,2714.0,0.8951134077277575
B001A006C.jpg,106502,197,0,163,512,347,649,0.777101,0.0,1748.5,0.8674383078570549
B002F01BC.jpg,192539,199,0,496,701,710,888,0.7758016,0.0,2566.5,0.8768728099690739
B000701BC.jpg,28699,209,0,392,399,570,597,0.77273375,0.0,1386.5,0.8461380551946686
B0015013C.jpg,86035,217,0,0,439,200,669,0.7694713,0.0,3282.5,0.8819297394234774
B002D014C.jpg,184340,219,0,379,591,533,736,0.7685619,0.0,1417.0,0.9011631722754899
B0005020C.jpg,20512,221,0,761,371,895,499,0.76843315,0.0,1952.5,0.8802596666702993
B000A015C.jpg,40981,229,0,342,591,567,817,0.76626545,0.0,2720.0,0.8117852679837381
B001F017C.jpg,126999,256,0,413,115,641,365,0.7595236,0.0,2701.0,0.8984357191538048
B002500BC.jpg,151563,271,0,746,724,892,876,0.75530577,0.0,1183.5,0.8710291273125746
B0023032C.jpg,143410,275,0,144,415,300,592,0.7541933,0.0,1793.0,0.873915067136517
B000302CC.jpg,12332,302,0,253,529,449,714,0.7480925,0.0,2322.5,0.8752168235892505
B001501CC.jpg,86044,303,0,738,529,918,761,0.7479598,0.0,2643.0,0.8975186633523357
B001A02AC.jpg,106538,304,0,0,55,150,236,0.7475915,0.0,2042.5,0.8817837511208508
B002C024C.jpg,180260,310,0,173,55,325,207,0.746118,0.0,1537.5,0.8549827618965855
B0017029C.jpg,94249,313,0,215,663,409,827,0.74523544,0.0,2682.5,0.8932055427128126
B003B012C.jpg,241682,317,0,246,640,470,852,0.7442216,0.0,2780.0,0.8877966164026276
B0010012C.jpg,65554,319,0,411,0,567,105,0.7431203,0.0,1858.5,0.8547621910796425
B002F017C.jpg,192535,326,0,44,663,313,910,0.74202615,0.0,1813.5,0.8648718902595262
B003A01DC.jpg,237597,330,0,523,355,690,544,0.7407836,0.0,2781.0,0.8807442335958403
B0030026C.jpg,196646,337,0,661,595,827,756,0.7396379,0.0,1288.0,0.8471299564960616
B0026007C.jpg,155655,350,0,657,829,856,1020,0.73782724,0.0,3004.5,0.8844609758342313
B001D028C.jpg,118824,351,0,773,469,976,651,0.7376667,0.0,2357.5,0.8615119259917552
B0011035C.jpg,69685,355,0,481,461,645,597,0.7366604,0.0,1111.5,0.8800292870318583
B0019027C.jpg,102439,357,0,810,693,901,785,0.7364641,0.0,793.0,0.8607456318097976
B0013021C.jpg,77857,371,0,622,688,779,829,0.73309946,0.0,1988.0,0.8988752264272851
B0044032C.jpg,278578,393,0,166,318,377,543,0.7271823,0.0,2027.5,0.8565515217640083
B003502EC.jpg,217134,412,0,0,644,230,868,0.7229994,0.0,3651.5,0.7777607336432492
B002C038C.jpg,180280,414,0,262,540,402,643,0.7215309,0.0,2052.5,0.8804754661216813
B001C019C.jpg,114713,418,0,318,416,568,653,0.72063386,0.0,2770.5,0.8579908078991234
B0035023C.jpg,217123,420,0,0,224,186,444,0.720432,0.0,1343.5,0.8615856640842743
B002802FC.jpg,163887,433,0,449,491,567,627,0.71679467,0.0,1360.0,0.879512696894925
B003A023C.jpg,237603,444,0,251,121,453,326,0.7133762,0.0,3352.5,0.8710315205045379
B001E009C.jpg,122889,446,0,572,566,768,739,0.71240824,0.0,1815.5,0.878460366510406
B001F02BC.jpg,127019,453,0,300,463,480,650,0.71077454,0.0,2474.5,0.8929490876937329
B000900CC.jpg,36876,462,0,280,596,464,805,0.70964795,0.0,1170.5,0.8400237477612899
B0017036C.jpg,94262,467,0,638,479,851,670,0.70843935,0.0,1115.5,0.8949271578711123
B0024038C.jpg,147512,468,0,87,519,320,760,0.707381,0.0,1613.5,0.7681445844726027
B003103AC.jpg,200762,474,0,0,896,176,1024,0.70641893,0.0,3280.5,0.8641879466399681
B0035005C.jpg,217093,479,0,775,232,938,378,0.7055303,0.0,1083.5,0.8312580687299587
B0026015C.jpg,155669,487,0,261,901,391,1018,0.7040948,0.0,1597.5,0.8466551660556143
B001B028C.jpg,110632,492,0,527,37,675,186,0.7033404,0.0,2351.5,0.8894850057266498
B0009029C.jpg,36905,502,0,22,844,235,1024,0.6995355,0.0,1888.0,0.8886359155126637
B001B001C.jpg,110593,509,0,558,847,666,961,0.6977131,0.0,1276.5,0.8718818195304108
B002D023C.jpg,184355,513,0,282,471,429,638,0.6970062,0.0,1452.5,0.8258190408503764
B002C00FC.jpg,180239,522,0,228,62,390,205,0.69530106,0.0,1558.0,0.8731743987358787
B001000AC.jpg,65546,540,0,0,281,119,470,0.69149125,0.0,0.0,0.0
B000A011C.jpg,40977,547,0,351,873,537,1023,0.68950003,0.0,1871.5,0.8745876465950172
B003502DC.jpg,217133,563,0,0,461,213,681,0.68604475,0.0,2099.5,0.8819987085020535
B002A03CC.jpg,172092,579,0,802,0,1005,155,0.68264025,0.0,1819.5,0.9010515955904074
B000402EC.jpg,16430,580,0,20,259,195,453,0.68259525,0.0,2072.0,0.8985679215072654
B002602BC.jpg,155691,585,0,610,288,803,471,0.6816556,0.0,2651.0,0.8786988468003428
B001A019C.jpg,106521,590,0,938,619,1024,768,0.68026537,0.0,2205.5,0.8569221062302622
B001A00EC.jpg,106510,595,0,724,482,950,676,0.67881495,0.0,2502.5,0.880795138773987
B0038016C.jpg,229398,602,0,750,641,856,738,0.67719847,0.0,900.0,0.8564932992560059
B0004011C.jpg,16401,615,0,296,180,495,391,0.67451173,0.0,0.0,0.0
B000E028C.jpg,57384,621,0,318,311,588,554,0.67316484,0.0,2177.5,0.8624199756148573
B0023035C.jpg,143413,625,0,786,790,938,935,0.67287123,0.0,0.0,0.0
B001E03AC.jpg,122938,636,0,0,0,111,133,0.670849,0.0,513.0,0.8658924752250788
B0014013C.jpg,81939,642,0,148,36,302,208,0.6700281,0.0,2248.0,0.8604173546866938
B0034029C.jpg,213033,656,0,509,251,676,418,0.6673201,0.0,760.0,0.878184646912623
B0025002C.jpg,151554,667,0,577,179,769,362,0.66565424,0.0,1552.5,0.8264851950531407
B001500BC.jpg,86027,671,0,434,122,608,268,0.66463894,0.0,1475.5,0.8659776149348212
B002502BC.jpg,151595,676,0,246,175,498,419,0.66291267,0.0,2610.0,0.8638473645576379
B0002011C.jpg,8209,680,0,296,115,490,327,0.66248345,0.0,0.0,0.0
B003102CC.jpg,200748,691,0,495,226,686,419,0.6598505,0.0,2443.0,0.8741947833812936
B002D019C.jpg,184345,694,0,94,831,214,938,0.6590851,0.0,1443.5,0.8749952489255941
B002402FC.jpg,147503,711,0,818,765,1023,925,0.65657336,0.0,1994.0,0.8209110947216455
B001C03DC.jpg,114749,737,0,271,742,385,867,0.6516333,0.0,1378.0,0.8824428770298909
B002D030C.jpg,184368,738,0,502,15,701,225,0.65134054,0.0,3042.5,0.8802516373066226
B000403CC.jpg,16444,739,0,492,142,711,374,0.65121585,0.0,0.0,0.0
B0037014C.jpg,225300,744,0,297,358,475,547,0.6501862,0.0,1829.0,0.8608660506896226
B003E03CC.jpg,254012,745,0,544,111,737,323,0.65018404,0.0,0.0,0.0
B000700FC.jpg,28687,753,0,444,348,576,477,0.6487482,0.0,958.5,0.8673850838673665
B0033024C.jpg,208932,773,0,627,515,825,691,0.6463336,0.0,2171.5,0.8488408093861689
B002B020C.jpg,176160,775,0,0,570,98,765,0.64562565,0.0,2258.5,0.8780894923935496
B0005025C.jpg,20517,778,0,671,900,850,1024,0.64516616,0.0,1853.0,0.8848050631087498
B001E00CC.jpg,122892,779,0,390,132,639,421,0.6448941,0.0,4127.0,0.8748164335191004
B0004027C.jpg,16423,781,0,582,45,767,232,0.6446329,0.0,1301.5,0.8650965784138671
B002601DC.jpg,155677,789,0,208,351,367,510,0.64385235,0.0,2219.0,0.8929797040305929
B001402AC.jpg,81962,792,0,883,726,1023,882,0.64344335,0.0,2409.0,0.8905899450830705
B0037034C.jpg,225332,800,0,369,442,476,562,0.64218575,0.0,1376.5,0.849819245517615
B0023002C.jpg,143362,802,0,386,617,602,836,0.6419144,0.0,2756.0,0.8514478933700244
B0044024C.jpg,278564,819,0,325,301,569,559,0.6397638,0.0,0.0,0.0
B0035013C.jpg,217107,827,0,185,684,420,845,0.63802606,0.0,2205.0,0.8839095877739465
B000D031C.jpg,53297,64,0,306,785,659,1024,0.82429737,1.0,2140.5,0.8524039933428441
B002302AC.jpg,143402,213,0,322,378,641,578,0.7709727,1.0,3267.5,0.8972364804971718
B0026034C.jpg,155700,263,0,189,304,373,638,0.7583745,1.0,2390.0,0.8464390155435294
B0040028C.jpg,262184,375,0,708,52,923,308,0.7316941,1.0,2054.0,0.8489440471638352
B003D00FC.jpg,249871,415,0,22,0,307,217,0.7212766,1.0,1538.5,0.8279366258423921
B0004018C.jpg,16408,425,0,400,738,646,1024,0.7188971,1.0,3695.5,0.8377756656678743
B003C020C.jpg,245792,494,0,87,26,472,330,0.7018027,1.0,3215.5,0.8380499671603547
B003E02FC.jpg,253999,500,0,252,0,511,284,0.7003105,1.0,1657.5,0.8636549492884893
B002E001C.jpg,188417,518,0,600,0,945,322,0.6958865,1.0,1160.5,0.7319250553314414
B000C035C.jpg,49205,534,0,273,99,651,440,0.69249856,1.0,3269.5,0.8745079216586554
B002D02DC.jpg,184365,592,0,1,567,370,903,0.67991704,1.0,2200.0,0.8609464208098236
B0038012C.jpg,229394,638,0,625,206,949,565,0.67048925,1.0,3623.0,0.8557846530458549
B0037028C.jpg,225320,666,0,0,0,283,265,0.6658588,1.0,3061.0,0.8612269813461009
B000A036C.jpg,41014,736,0,788,0,1020,246,0.65180475,1.0,2416.0,0.8741104102008551
B0015038C.jpg,86072,758,0,183,657,447,935,0.6481167,1.0,1062.5,0.7220564190753386
B0026012C.jpg,155666,782,0,646,491,897,754,0.6444954,1.0,1922.5,0.8154340843958204
B0016019C.jpg,90137,794,0,0,514,298,837,0.6432647,1.0,2252.0,0.8679487300952986
B000F00BC.jpg,61451,806,0,54,155,394,435,0.64126927,1.0,2759.0,0.8606381883416214
B0019032C.jpg,102450,839,0,388,625,699,870,0.63645595,1.0,2250.0,0.7898937462284421
B0019011C.jpg,102417,841,0,0,537,237,747,0.6363964,1.0,2888.0,0.8509935805232496
B0009034C.jpg,36916,845,0,528,810,899,1024,0.6357979,1.0,1265.0,0.743455159577987
B0009024C.jpg,36900,862,0,302,0,629,260,0.63239723,1.0,2434.5,0.8990366395158547
B0007031C.jpg,28721,863,0,97,230,366,451,0.6323258,1.0,1961.0,0.8294238882865258
B003301EC.jpg,208926,892,0,557,321,827,560,0.62692213,1.0,2448.5,0.8542817008283307
B001001DC.jpg,65565,969,0,484,431,794,655,0.61423874,1.0,2446.0,0.8662718984353546
B000C018C.jpg,49176,1024,0,433,694,681,925,0.60635775,1.0,2427.0,0.8684693957706693
B0030028C.jpg,196648,1059,0,866,0,1024,313,0.6000957,1.0,1586.0,0.8791126974355171
B0039016C.jpg,233494,1073,0,782,645,995,856,0.5975203,1.0,2466.5,0.8744650516200918
B002903DC.jpg,167997,1126,0,517,545,826,827,0.58805263,1.0,1310.5,0.8816710020227986
B0002019C.jpg,8217,1127,0,113,87,408,432,0.58799994,1.0,2670.5,0.8478130069009866
B002B00AC.jpg,176138,1158,0,147,537,473,818,0.5827837,1.0,2986.0,0.8467507338459279
B0024029C.jpg,147497,1209,0,550,146,765,418,0.5749169,1.0,2583.0,0.8405555755400143
B002603CC.jpg,155708,1271,0,260,196,572,459,0.56553054,1.0,2086.5,0.8406144068091571
B002003EC.jpg,131134,1298,0,156,720,491,992,0.56171757,1.0,1569.0,0.8810110446904378
B0007036C.jpg,28726,1324,0,321,910,619,1024,0.5585629,1.0,2636.5,0.8673950908001407
B002702BC.jpg,159787,1337,0,730,0,992,218,0.5567835,1.0,1877.5,0.8885122088414735
B0026028C.jpg,155688,1381,0,487,163,721,360,0.55034095,1.0,2490.5,0.8843086888500755
B002F012C.jpg,192530,1394,0,406,280,703,571,0.5495559,1.0,2585.5,0.8405091497702761
B003700BC.jpg,225291,1397,0,342,280,622,513,0.54929477,1.0,1688.0,0.8823021557742516
B000401BC.jpg,16411,1454,0,241,774,687,1024,0.53929615,1.0,4041.5,0.8726950022867971
B000B034C.jpg,45108,1463,0,98,0,375,210,0.53846234,1.0,2930.5,0.8897845860001292
B001000CC.jpg,65548,1498,0,815,0,1003,145,0.53354174,1.0,1935.0,0.8508261803790789
B0036026C.jpg,221222,1506,0,173,239,543,573,0.53265923,1.0,2741.0,0.8439394945316352
B002403DC.jpg,147517,1516,0,318,0,563,197,0.5316083,1.0,1909.0,0.847681444545479
B0038018C.jpg,229400,1529,0,304,489,736,979,0.5296969,1.0,1491.0,0.8488555375163003
B000B020C.jpg,45088,1539,0,480,862,733,1023,0.5283096,1.0,2205.5,0.8400319586930882
B0001023C.jpg,4131,1554,0,0,99,292,380,0.5261155,1.0,1101.5,0.867380307615608
B002A014C.jpg,172052,1609,0,247,479,532,828,0.5179676,1.0,2834.0,0.8625406725213894
B000D00EC.jpg,53262,1631,0,657,565,1024,943,0.51313937,1.0,1359.5,0.8515685954225926
B000B02DC.jpg,45101,1655,0,677,814,936,1016,0.50987685,1.0,3233.0,0.8639437190787667
B0023016C.jpg,143382,1656,0,788,556,1024,1003,0.50982696,1.0,2487.5,0.8541990261856972
B0015034C.jpg,86068,1662,0,421,715,650,961,0.50922054,1.0,2425.5,0.8798370283240714
B002F019C.jpg,192537,1683,0,152,116,380,358,0.50728816,1.0,2266.5,0.8778455860615304
B000E018C.jpg,57368,1695,0,0,904,144,1024,0.50479996,1.0,0.0,0.0
B002302FC.jpg,143407,1,0,628,618,1024,1021,0.88500255,2.0,599.5,0.8310070350495169
B001303EC.jpg,77886,4,0,170,0,548,338,0.87700987,2.0,1037.5,0.7315632403334547
B000900BC.jpg,36875,6,0,460,683,826,1023,0.8729311,2.0,921.5,0.8528108810184133
B001303DC.jpg,77885,7,0,330,0,703,340,0.8709148,2.0,739.0,0.8734338211008041
B000F00EC.jpg,61454,8,0,419,632,779,1023,0.8693923,2.0,913.5,0.8857760091677269
B001303CC.jpg,77884,9,0,612,42,1024,429,0.8675783,2.0,873.0,0.9076193703073302
B000B03EC.jpg,45118,11,0,19,642,406,1024,0.8609115,2.0,880.0,0.8255145255735242
B000E01DC.jpg,57373,12,0,688,291,998,670,0.8598151,2.0,569.5,0.8447632040571588
B000202CC.jpg,8236,13,0,180,0,556,347,0.8577344,2.0,683.5,0.8700935868740372
B0016006C.jpg,90118,15,0,427,0,839,305,0.85704815,2.0,1225.0,0.8606420765104243
B001502AC.jpg,86058,16,0,0,0,351,455,0.8565494,2.0,738.0,0.8722518918117439
B003502BC.jpg,217131,18,0,0,697,353,1024,0.8548956,2.0,578.0,0.8683899333232479
B000102AC.jpg,4138,20,0,467,687,836,1023,0.8530993,2.0,464.5,0.8429680267227535
B003400BC.jpg,213003,21,0,270,641,651,1023,0.85289335,2.0,612.5,0.8202322566815753
B002A011C.jpg,172049,22,0,248,0,641,292,0.8528319,2.0,846.0,0.8610985075237813
B000400DC.jpg,16397,24,0,518,167,905,578,0.84988165,2.0,411.0,0.8608813700201021
B0032015C.jpg,204821,25,0,472,174,863,603,0.8496375,2.0,574.0,0.855945190445207
B000600FC.jpg,24591,26,0,345,503,652,868,0.8484335,2.0,1126.5,0.8708390579032572
B0031004C.jpg,200708,27,0,741,727,1024,1024,0.84840924,2.0,928.0,0.8960123426210533
B0000021C.jpg,33,28,0,627,747,1024,1024,0.84488463,2.0,577.0,0.7957573067819755
B0000025C.jpg,37,30,0,694,744,1024,1024,0.84329534,2.0,1128.0,0.8484482870722171
B0009018C.jpg,36888,31,0,560,564,956,1024,0.8404024,2.0,1063.0,0.8792962262641905
B003C01AC.jpg,245786,33,0,787,184,1024,569,0.8401007,2.0,735.0,0.8745170448144914
B001403EC.jpg,81982,34,0,150,0,582,448,0.84002036,2.0,980.0,0.8659323462544238
B002201DC.jpg,139293,36,0,216,223,545,602,0.8376069,2.0,577.0,0.8828084375858087
B001403DC.jpg,81981,37,0,457,407,782,738,0.8366654,2.0,829.5,0.8906397310780901
B002A010C.jpg,172048,38,0,567,309,968,675,0.8363551,2.0,545.0,0.8338485242361625
B0033006C.jpg,208902,39,0,116,454,511,726,0.83605814,2.0,925.5,0.8615795697605958
B0017037C.jpg,94263,40,0,696,357,1024,720,0.8354969,2.0,690.5,0.8254633564331382
B001600BC.jpg,90123,41,0,360,282,742,718,0.8351267,2.0,751.5,0.8430126665904679
B0026006C.jpg,155654,42,0,101,692,512,1024,0.8347716,2.0,824.0,0.8387058857382718
B0027001C.jpg,159745,43,0,203,459,650,923,0.8347362,2.0,666.0,0.909231506284991
B003400DC.jpg,213005,44,0,524,676,843,1024,0.8346,2.0,766.0,0.8443913870233424
B000302FC.jpg,12335,45,0,687,649,1023,1024,0.8343526,2.0,735.0,0.8469865975570317
B004101DC.jpg,266269,46,0,243,665,705,992,0.8341553,2.0,932.0,0.835081143300569
B002F034C.jpg,192564,47,0,715,0,1024,347,0.83382946,2.0,615.0,0.8420989450138411
B001F000C.jpg,126976,48,0,680,663,960,956,0.8334015,2.0,824.0,0.875230404716694
B002B01DC.jpg,176157,49,0,294,706,743,1024,0.83297384,2.0,560.0,0.8793878366210576
B0040020C.jpg,262176,50,0,319,834,767,1024,0.83277506,2.0,571.5,0.8631985161377164
B002A028C.jpg,172072,51,0,802,614,1024,1001,0.83242524,2.0,598.0,0.8603954833685449
B001502BC.jpg,86059,53,0,462,241,857,649,0.8308098,2.0,770.5,0.8272910414045498
B001E02DC.jpg,122925,54,0,387,236,821,690,0.8307779,2.0,790.0,0.7922415588842475
B001C03CC.jpg,114748,56,0,578,98,967,457,0.830015,2.0,892.0,0.8438328439977838
B003A01BC.jpg,237595,58,0,164,0,600,285,0.8279912,2.0,712.5,0.8775000247831923
B000B006C.jpg,45062,62,0,698,14,1024,318,0.8265031,2.0,503.0,0.6242308148110846
B002A002C.jpg,172034,63,0,393,127,767,600,0.8252321,2.0,796.5,0.8071858880664522
B0036013C.jpg,221203,65,0,628,614,1022,1023,0.8239616,2.0,828.0,0.8111977059347627
B002E035C.jpg,188469,66,0,532,347,863,705,0.82306397,2.0,633.5,0.8692533372124805
B0028000C.jpg,163840,67,0,164,428,583,806,0.82288957,2.0,2396.0,0.8411490674015559
B0000026C.jpg,38,68,0,110,325,496,793,0.82124656,2.0,448.0,0.8177862602765735
B003C021C.jpg,245793,69,0,327,611,734,1018,0.82088435,2.0,620.0,0.8261321337909372
B002B03EC.jpg,176190,72,0,0,193,421,748,0.8203926,2.0,649.5,0.891207644071833
B001900EC.jpg,102414,73,0,768,29,1024,346,0.8202579,2.0,738.5,0.8630094463206769
B002600CC.jpg,155660,74,0,0,347,315,816,0.81960434,2.0,714.0,0.8633944117876252
B001D035C.jpg,118837,75,0,553,245,914,542,0.8195609,2.0,570.5,0.8399717762580443
B0037015C.jpg,225301,76,0,349,192,673,559,0.8194426,2.0,720.5,0.8475747772950158
B0026013C.jpg,155667,78,0,678,495,903,881,0.81887686,2.0,826.5,0.8324500083178021
B000700EC.jpg,28686,79,0,527,149,907,559,0.81819504,2.0,981.0,0.8337313963594856
B0033009C.jpg,208905,81,0,595,0,1024,414,0.8153448,2.0,632.5,0.8895276401619872
B003701EC.jpg,225310,82,0,627,764,1023,1024,0.8148961,2.0,805.5,0.8464385405632117
B003E019C.jpg,253977,84,0,284,436,713,823,0.81389064,2.0,592.0,0.8429854095730068
B002C00CC.jpg,180236,85,0,640,418,1024,824,0.81352013,2.0,699.0,0.8650244524892927
B000E038C.jpg,57400,88,0,234,35,530,466,0.81072193,2.0,1049.5,0.8715573879854054
B0028010C.jpg,163856,90,0,724,522,1024,966,0.8104654,2.0,578.5,0.8428723378528317
B001402DC.jpg,81965,92,0,282,644,692,1024,0.80995184,2.0,907.0,0.8478951117736421
B002F008C.jpg,192520,94,0,224,534,744,949,0.8087529,2.0,616.0,0.8290674010674156
B001B023C.jpg,110627,95,0,47,785,463,1023,0.80823874,2.0,973.5,0.7607303025570492
B0004012C.jpg,16402,97,0,262,774,654,1023,0.8065393,2.0,541.0,0.8340324408908524
B003700AC.jpg,225290,98,0,0,0,347,271,0.8064668,2.0,554.5,0.8594581216038853
B0037024C.jpg,225316,99,0,337,675,752,1023,0.8051557,2.0,659.5,0.8453709309118498
B003E015C.jpg,253973,100,0,666,0,1024,332,0.80416,2.0,664.0,0.8435626269663452
B0003029C.jpg,12329,101,0,351,314,653,698,0.8041147,2.0,1255.0,0.8230300704194702
B003601BC.jpg,221211,106,0,510,7,863,435,0.8030244,2.0,710.0,0.8391583357426087
B000E03BC.jpg,57403,108,0,165,493,503,861,0.8020865,2.0,768.5,0.878113645355254
B000E00EC.jpg,57358,110,0,618,46,1024,513,0.8014687,2.0,506.0,0.8406511730626628
B003900BC.jpg,233483,112,0,14,0,455,369,0.80102175,2.0,570.5,0.8106347469111278
B000B00CC.jpg,45068,114,0,73,520,421,870,0.80071515,2.0,756.5,0.8564572816311677
B002E009C.jpg,188425,115,0,403,0,774,229,0.8005275,2.0,754.5,0.7741351137584239
B003F022C.jpg,258082,116,0,0,0,301,254,0.8003951,2.0,529.5,0.820708876058168
B0028036C.jpg,163894,120,0,412,0,760,310,0.799189,2.0,642.0,0.8494329840685307
B002F006C.jpg,192518,122,0,775,668,1024,1024,0.79819834,2.0,1060.0,0.8471136070348597
B003902FC.jpg,233519,124,0,128,0,529,293,0.796886,2.0,861.0,0.856005115804608
B003E01AC.jpg,253978,125,0,310,0,692,233,0.7968838,2.0,857.5,0.8510032101506052
B0014035C.jpg,81973,127,0,703,573,1023,1021,0.79549074,2.0,902.5,0.7536801785692322
B003A031C.jpg,237617,128,0,117,73,465,441,0.7953884,2.0,845.0,0.8249219003973347
B003000AC.jpg,196618,129,0,333,646,759,994,0.7952896,2.0,1255.5,0.8489259884937296
B001A010C.jpg,106512,131,0,213,0,526,327,0.7951087,2.0,863.5,0.8372934707369557
B000B012C.jpg,45074,133,0,0,306,393,699,0.79470426,2.0,600.0,0.8420291896356946
B0007012C.jpg,28690,137,0,482,457,844,870,0.79271543,2.0,855.0,0.8944805232883115
B0032026C.jpg,204838,138,0,363,94,594,350,0.7925433,2.0,826.5,0.8874186128490786
B001202EC.jpg,73774,139,0,675,477,1024,889,0.7923337,2.0,486.0,0.8074238539692769
B000F00AC.jpg,61450,140,0,612,0,1021,361,0.7913662,2.0,630.5,0.8651368982102713
B0014038C.jpg,81976,141,0,423,749,727,978,0.79085326,2.0,1111.5,0.8917181043911718
B002803EC.jpg,163902,144,0,3,823,387,1024,0.7902365,2.0,0.0,0.0
B002901EC.jpg,167966,145,0,784,190,1024,594,0.78998417,2.0,902.5,0.8751098558254519
B002C008C.jpg,180232,147,0,286,315,670,724,0.78860843,2.0,910.0,0.7949046211630111
B001301FC.jpg,77855,150,0,676,150,1024,598,0.7879412,2.0,1186.0,0.8188331307100605
B004001AC.jpg,262170,152,0,275,0,675,323,0.78753734,2.0,662.5,0.8457788208655589
B0033008C.jpg,208904,153,0,0,0,351,246,0.7871897,2.0,662.0,0.8136852775333948
B002B01BC.jpg,176155,160,0,673,0,1023,342,0.78496,2.0,906.0,0.8519960478601943
B0024018C.jpg,147480,17,0,694,718,1005,956,0.8553725,3.0,5096.5,0.53108915492881
B001B010C.jpg,110608,146,0,699,189,973,473,0.78912485,3.0,6890.5,0.827582732054778
B0028024C.jpg,163876,175,0,487,213,692,430,0.78251624,3.0,5898.5,0.8680940853275926
B003A02AC.jpg,237610,205,0,390,60,677,274,0.77370393,3.0,5587.5,0.8713721815744974
B0031016C.jpg,200726,267,0,507,0,726,135,0.75704706,3.0,6721.5,0.8875382257320128
B000A02AC.jpg,41002,324,0,751,21,929,213,0.7422384,3.0,4268.0,0.8722715763850569
B003A02DC.jpg,237613,372,0,702,722,987,931,0.733084,3.0,6975.0,0.8579851250128725
B0027025C.jpg,159781,434,0,390,72,611,280,0.7165693,3.0,4849.5,0.8419458634721572
B001C034C.jpg,114740,470,0,834,514,1018,703,0.7071022,3.0,4743.5,0.881336109471391
B001D025C.jpg,118821,472,0,480,384,668,599,0.7069034,3.0,4111.5,0.8964968974428634
B000C01BC.jpg,49179,515,0,620,125,818,308,0.69666135,3.0,2371.5,0.8299007248496055
B002E013C.jpg,188435,527,0,644,224,824,433,0.69374114,3.0,2827.5,0.8846619362346712
B0021034C.jpg,135220,544,0,0,181,173,355,0.6903361,3.0,4931.5,0.8500381206717681
B0018007C.jpg,98311,557,0,473,592,789,846,0.68694335,3.0,23214.0,0.7718793482498019
B0022018C.jpg,139288,565,0,446,231,567,390,0.6855964,3.0,2488.5,0.8256888834581183
B0027036C.jpg,159798,670,0,447,754,606,916,0.6649996,3.0,3330.0,0.8736748489898967
B002B023C.jpg,176163,704,0,0,413,142,610,0.65759987,3.0,5227.5,0.7369974455397894
B003C019C.jpg,245785,727,0,418,0,550,158,0.65340924,3.0,2634.0,0.8792512731443005
B001E029C.jpg,122921,767,0,390,711,569,892,0.64678574,3.0,5446.0,0.8783193052680413
B000E01FC.jpg,57375,820,0,335,391,508,541,0.6397277,3.0,3241.5,0.8764678528194241
B001402FC.jpg,81967,868,0,112,135,300,309,0.6317483,3.0,5886.0,0.8611187916744028
B002D006C.jpg,184326,869,0,823,566,1011,709,0.6316982,3.0,4718.5,0.8836731049115141
B000D032C.jpg,53298,994,0,246,164,461,401,0.60963446,3.0,4073.0,0.8837838060989491
B0019015C.jpg,102421,1029,0,71,694,229,859,0.6055765,3.0,4103.5,0.8540300380485619
B001D036C.jpg,118838,1196,0,336,391,565,627,0.5771451,3.0,5682.5,0.8608803564314109
B0029009C.jpg,167945,1297,0,0,160,164,323,0.56173277,3.0,3645.5,0.8556898381114791
B003A033C.jpg,237619,1311,0,637,127,807,292,0.5600722,3.0,4373.5,0.8764730563597054
B0011028C.jpg,69672,1413,0,612,239,854,442,0.5462333,3.0,5027.0,0.8986235627256628
B0035016C.jpg,217110,1439,0,700,907,858,1024,0.5417967,3.0,2489.5,0.8807376958212241
B002301AC.jpg,143386,1475,0,301,0,493,171,0.5373406,3.0,4688.0,0.789652715608046
B001E018C.jpg,122904,1636,0,916,842,1023,999,0.5128222,3.0,3258.5,0.8727098871677792
B0019017C.jpg,102423,1681,0,663,269,940,563,0.5074095,3.0,12262.5,0.847395519115489
B001B034C.jpg,110644,1724,0,0,815,86,1024,0.5012841,3.0,7084.5,0.8534419442985883
B0034031C.jpg,213041,1726,0,0,378,74,656,0.5010505,3.0,2825.0,0.8557093044363809
B002F036C.jpg,192566,2,0,0,692,330,1023,0.8847889,4.0,7458.5,0.5436760330531254
B0018016C.jpg,98326,19,0,552,640,1016,1022,0.85426205,4.0,6321.0,0.8790997193935195
B0010019C.jpg,65561,35,0,865,121,1024,544,0.8398497,4.0,5631.5,0.8752389047747562
B000800DC.jpg,32781,60,0,618,645,1019,958,0.82718086,4.0,9253.5,0.8906967184524991
B0016007C.jpg,90119,77,0,29,214,309,556,0.8191214,4.0,5821.5,0.8180806788418726
B0040029C.jpg,262185,102,0,353,132,561,412,0.8040514,4.0,3790.0,0.8899277879563872
B001103CC.jpg,69692,105,0,261,265,639,524,0.8035938,4.0,5824.0,0.8441230899422157
B0027022C.jpg,159778,109,0,507,755,845,999,0.80172807,4.0,6412.5,0.8843246003692088
B0035010C.jpg,217104,111,0,193,471,485,837,0.8010616,4.0,4738.5,0.8007581921948262
B002D013C.jpg,184339,113,0,182,264,488,689,0.80088294,4.0,6216.5,0.8825067671860605
B002B02FC.jpg,176175,117,0,656,382,912,719,0.8002602,4.0,5253.5,0.8674918015095824
B0012026C.jpg,73766,118,0,516,686,841,972,0.800054,4.0,6859.5,0.8696304664452748
B001603BC.jpg,90171,126,0,779,503,1020,819,0.7961404,4.0,6325.5,0.7812392878073826
B001D009C.jpg,118793,143,0,602,29,918,388,0.79028445,4.0,6472.5,0.674248851054531
B001A01AC.jpg,106522,148,0,0,0,316,221,0.7885997,4.0,8848.5,0.7750202050880948
B0039034C.jpg,233524,157,0,262,447,445,673,0.78534895,4.0,3906.0,0.8200593206957542
B003302EC.jpg,208942,158,0,234,0,422,209,0.78525037,4.0,5678.5,0.8732156506808416
B000301CC.jpg,12316,202,0,493,337,643,560,0.77415276,4.0,3687.0,0.8410412757189152
B0016023C.jpg,90147,212,0,143,624,403,922,0.77103853,4.0,5458.5,0.9122680370871217
B0018013C.jpg,98323,218,0,117,327,340,614,0.7691022,4.0,4604.0,0.8726847891222118
B001C00FC.jpg,114703,227,0,301,587,605,931,0.7663606,4.0,6472.5,0.8733200914583557
B001500DC.jpg,86029,228,0,712,346,1023,628,0.7663189,4.0,9562.0,0.750281385774658
B0024028C.jpg,147496,232,0,0,0,179,161,0.7660496,4.0,2463.5,0.814518908610504
B002E017C.jpg,188439,239,0,299,652,562,1023,0.76393276,4.0,5580.0,0.8893416046740047
B002701BC.jpg,159771,261,0,487,0,817,208,0.7584439,4.0,5855.5,0.7592021719706024
B001301EC.jpg,77854,273,0,95,700,354,951,0.7547941,4.0,7328.0,0.8848825694609327
B000502CC.jpg,20524,279,0,416,483,707,706,0.7534578,4.0,8039.0,0.8779062003886864
B001A03BC.jpg,106555,306,0,79,553,454,908,0.7469018,4.0,6535.0,0.8851478723733691
B0027034C.jpg,159796,345,0,340,465,664,849,0.7382797,4.0,4950.5,0.7254563430742142
B001200AC.jpg,73738,348,0,44,146,332,370,0.7380233,4.0,4594.0,0.8421394736406854
B002A01DC.jpg,172061,356,0,775,694,1020,1024,0.73650354,4.0,4373.0,0.8374224564611356
B0003031C.jpg,12337,381,0,252,94,516,318,0.73044175,4.0,5591.5,0.8711233854594611
B0010029C.jpg,65577,387,0,199,824,411,1019,0.7293688,4.0,0.0,0.0
B0014008C.jpg,81928,403,0,1,84,233,525,0.7240622,4.0,5846.0,0.8540948343676446
B0022034C.jpg,139316,407,0,0,697,171,1023,0.72361034,4.0,5614.0,0.8761251550711772
B000502BC.jpg,20523,429,0,545,337,920,599,0.7172491,4.0,7047.5,0.5094973561930578
B002D01DC.jpg,184349,437,0,773,136,1006,334,0.7162112,4.0,3292.0,0.8990336628960245
B003002BC.jpg,196651,440,0,118,731,394,918,0.713724,4.0,5226.5,0.8682402342180496
B002102DC.jpg,135213,449,0,675,731,897,970,0.71157753,4.0,4130.5,0.8908629993538588
B003D025C.jpg,249893,477,0,77,854,390,1024,0.70576185,4.0,5219.5,0.8243985902930077
B0029024C.jpg,167972,486,0,263,1,474,255,0.7043872,4.0,8388.0,0.692836023204644
B003502FC.jpg,217135,491,0,517,468,846,764,0.70379525,4.0,6254.5,0.8185729692370997
B002200CC.jpg,139276,496,0,24,711,274,965,0.7015789,4.0,0.0,0.0
B000D01DC.jpg,53277,501,0,0,369,141,541,0.69973594,4.0,4847.5,0.8671935799106597
B0035012C.jpg,217106,507,0,245,0,539,139,0.6987797,4.0,6128.5,0.8443638533032821
B0023037C.jpg,143415,520,0,0,729,293,1024,0.6955174,4.0,6291.0,0.8633999271721983
B000701AC.jpg,28698,529,0,321,0,672,248,0.6935648,4.0,3676.5,0.8383487019692667
B000801AC.jpg,32794,576,0,368,624,513,778,0.68309915,4.0,0.0,0.0
B003D024C.jpg,249892,617,0,211,636,550,963,0.6739627,4.0,4587.0,0.8661942818082136
B0024025C.jpg,147493,626,0,652,170,1023,399,0.67273116,4.0,8490.0,0.8655851756974303
B0027012C.jpg,159762,627,0,579,270,780,600,0.6725653,4.0,5027.5,0.7664949842735678
B0016013C.jpg,90131,630,0,29,493,214,682,0.6722934,4.0,4933.5,0.8802976106026805
B000202AC.jpg,8234,640,0,0,730,334,965,0.67035544,4.0,4807.0,0.5126122256465416
B002B028C.jpg,176168,662,0,656,2,1023,274,0.66616094,4.0,6559.0,0.8729334090279153
B000D02EC.jpg,53294,665,0,0,622,134,904,0.6659004,4.0,4740.0,0.862496860450807
B0024023C.jpg,147491,695,0,104,458,491,706,0.6589445,4.0,5839.0,0.8768269061903027
B002203AC.jpg,139322,696,0,518,533,864,779,0.6588024,4.0,9650.0,0.5707025774919469
B002B029C.jpg,176169,703,0,46,67,248,288,0.6579004,4.0,4833.0,0.8906140936984223
B0018034C.jpg,98356,713,0,759,500,1024,740,0.6564351,4.0,5318.0,0.8555709259585624
B0006023C.jpg,24611,716,0,446,276,774,460,0.65599424,4.0,3471.5,0.8583620031249644
B000F038C.jpg,61496,717,0,525,492,855,802,0.6555878,4.0,6324.5,0.8798301715094686
B000301BC.jpg,12315,724,0,261,0,577,299,0.6546801,4.0,7689.5,0.8784383997252654
B0003019C.jpg,12313,730,0,0,595,202,855,0.6528959,4.0,6348.5,0.863203954220406
B001F011C.jpg,126993,734,0,738,844,984,1024,0.65209216,4.0,4985.5,0.6240950349125904
B001702DC.jpg,94253,774,0,242,545,656,923,0.6460034,4.0,5064.0,0.7224262397195194
B003902AC.jpg,233514,791,0,773,390,1022,617,0.64355165,4.0,5006.0,0.8684676123328586
B000C011C.jpg,49169,843,0,479,244,697,489,0.6359978,4.0,4423.0,0.8650448419746836
B001B030C.jpg,110640,846,0,250,596,585,1024,0.6357029,4.0,6636.0,0.7488402654781972
B000801DC.jpg,32797,858,0,470,363,730,670,0.63320094,4.0,4265.0,0.8041351700092679
B0009032C.jpg,36914,896,0,437,157,824,455,0.6265322,4.0,6024.0,0.8859546127469724
B0013026C.jpg,77862,904,0,544,856,801,1024,0.6252486,4.0,5381.5,0.8462170496041004
B0010027C.jpg,65575,914,0,447,694,677,935,0.6238121,4.0,3981.0,0.8462518713706542
B0014005C.jpg,81925,916,0,448,138,674,377,0.623406,4.0,3384.5,0.8820961305224053
B0006013C.jpg,24595,922,0,677,426,1024,763,0.623069,4.0,4269.5,0.8718712193229741
B002A026C.jpg,172070,924,0,778,7,1012,355,0.6224732,4.0,6883.5,0.8792043837879083
B000702FC.jpg,28719,939,0,0,382,164,601,0.61880225,4.0,3839.5,0.8869261363597556
B0012028C.jpg,73768,963,0,799,0,997,221,0.6150323,4.0,4295.5,0.8495618421805906
B0015014C.jpg,86036,975,0,437,575,654,778,0.6132465,4.0,4746.5,0.8799687125863163
B0024032C.jpg,147506,983,0,168,393,423,636,0.6112458,4.0,4620.0,0.8701095251848594
B002E031C.jpg,188465,986,0,798,74,1024,415,0.610926,4.0,5767.5,0.857683451666623
B002D008C.jpg,184328,990,0,777,359,1024,593,0.61062515,4.0,2072.0,0.8763724102650083
B001F006C.jpg,126982,996,0,117,50,488,423,0.6089659,4.0,4539.0,0.8580754375882594
B000E013C.jpg,57363,998,0,44,0,263,211,0.6087542,4.0,4777.0,0.864707140168162
B003B025C.jpg,241701,1000,0,488,616,831,1021,0.60863674,4.0,3436.5,0.7641599727701713
B0038034C.jpg,229428,1016,0,2,143,237,471,0.60678655,4.0,5073.0,0.8693543912016652
B0036024C.jpg,221220,1019,0,81,308,325,635,0.606572,4.0,8752.5,0.7402469523076112
B001802FC.jpg,98351,1022,0,390,266,649,523,0.60642153,4.0,4276.5,0.8890064397810364
B0026020C.jpg,155680,1035,0,620,263,913,599,0.60416466,4.0,4555.5,0.6771729128895286
B003A014C.jpg,237588,1040,0,507,192,790,454,0.6034764,4.0,6474.0,0.850513249802463
B0017012C.jpg,94226,1044,0,804,755,1001,973,0.6025961,4.0,5074.0,0.8098542946660027
B000201BC.jpg,8219,1052,0,876,131,1024,399,0.6016036,4.0,5003.0,0.8512456750769717
B0034030C.jpg,213040,1056,0,898,384,1024,637,0.6005439,4.0,2843.0,0.854198969088008
B0023014C.jpg,143380,1072,0,99,609,369,880,0.59763885,4.0,4494.0,0.8609894871604747
B000C02FC.jpg,49199,1091,0,400,196,635,489,0.59369254,4.0,4736.0,0.8541363155132088
B0016022C.jpg,90146,1099,0,86,131,318,364,0.5926118,4.0,4811.5,0.8761771643438548
B0015019C.jpg,86041,1117,0,95,809,330,997,0.589882,4.0,5448.5,0.8129570619213291
B003C02AC.jpg,245802,1129,0,110,419,564,773,0.5878955,4.0,10680.5,0.8405031835192434
B003E025C.jpg,253989,1153,0,662,0,924,159,0.583697,4.0,3722.5,0.8769930693540595
B0019019C.jpg,102425,1159,0,767,1,1024,302,0.5824785,4.0,4191.5,0.8640854786377091
B001400BC.jpg,81931,1160,0,213,565,520,924,0.5823774,4.0,6711.0,0.8528874398797155
B002C00DC.jpg,180237,5,0,529,676,853,1023,0.8759845,5.0,2441.0,0.6606368352709173
B0015020C.jpg,86048,29,0,134,0,479,227,0.84452885,5.0,2937.0,0.8556955498121425
B0036032C.jpg,221234,55,0,70,195,379,567,0.83065236,5.0,2977.5,0.8072124349510299
B001F01CC.jpg,127004,59,0,0,509,495,782,0.82769054,5.0,3930.5,0.8245254661063097
B001B020C.jpg,110624,70,0,0,350,208,667,0.82071394,5.0,5021.5,0.7242245779294177
B000D034C.jpg,53300,87,0,509,98,924,470,0.81182176,5.0,2480.5,0.862325331319762
B002203DC.jpg,139325,104,0,705,627,1024,988,0.80377406,5.0,6062.5,0.8150903720424381
B0011019C.jpg,69657,130,0,0,0,426,265,0.7951697,5.0,5857.5,0.8722732397985198
B001002BC.jpg,65579,135,0,125,103,364,447,0.79325426,5.0,4010.5,0.8281198879950603
B0032011C.jpg,204817,180,0,476,334,892,653,0.78153586,5.0,3057.5,0.836884737363846
B002301DC.jpg,143389,224,0,734,776,1024,1024,0.7679187,5.0,2217.5,0.7821480253278428
B001302FC.jpg,77871,233,0,7,606,365,805,0.76597714,5.0,4137.5,0.8529532738038906
B001700BC.jpg,94219,252,0,537,456,878,826,0.76130235,5.0,4409.5,0.8047133875388974
B0009012C.jpg,36882,265,0,309,595,622,865,0.7578348,5.0,5454.5,0.8781628139264168
B0011036C.jpg,69686,276,0,697,339,1014,611,0.7538098,5.0,3158.0,0.8348565230414073
B0009022C.jpg,36898,296,0,193,638,487,811,0.74934846,5.0,2609.5,0.7595430433145445
B002C00EC.jpg,180238,297,0,419,123,815,459,0.7493392,5.0,2454.5,0.8386067854061021
B001601BC.jpg,90139,305,0,0,764,285,1024,0.74725085,5.0,0.0,0.0
B003C030C.jpg,245808,342,0,0,224,243,513,0.7390965,5.0,5758.0,0.8499955089883351
B0025021C.jpg,151585,359,0,688,334,1024,711,0.7356401,5.0,3698.5,0.894655490489802
B000901CC.jpg,36892,384,0,0,780,269,1024,0.7302955,5.0,3289.5,0.832656331267835
B001F008C.jpg,126984,397,0,427,107,746,519,0.72572005,5.0,1845.0,0.5110549933959814
B002A009C.jpg,172041,417,0,757,5,1024,607,0.72099644,5.0,6383.5,0.8057676440738814
B003D018C.jpg,249880,471,0,504,604,930,831,0.7069811,5.0,2736.0,0.8724943771409898
B001401EC.jpg,81950,484,0,210,841,464,1024,0.704928,5.0,2235.5,0.8971542399713243
B002503CC.jpg,151612,536,0,346,697,578,988,0.69239444,5.0,2195.5,0.8743064634275064
B001E014C.jpg,122900,561,0,497,773,934,1024,0.68638915,5.0,2484.5,0.5976975671097566
B0023012C.jpg,143378,572,0,448,0,762,341,0.6835098,5.0,7335.5,0.8585827212372875
B0020024C.jpg,131108,604,0,456,0,1021,279,0.67660904,5.0,3309.5,0.8283621886866172
B001701AC.jpg,94234,606,0,679,98,1023,441,0.6764567,5.0,7084.0,0.7010939633034449
B001702BC.jpg,94251,616,0,27,474,243,754,0.6743626,5.0,2262.0,0.8625059352157165
B001602CC.jpg,90156,624,0,581,539,905,950,0.6728792,5.0,3418.5,0.8620070249136828
B001F016C.jpg,126998,628,0,65,12,278,260,0.6724779,5.0,1533.0,0.813532601688047
B002A00AC.jpg,172042,681,0,0,2,179,600,0.6620213,5.0,6345.0,0.8247062325735036
B001E010C.jpg,122896,699,0,340,368,692,738,0.65873015,5.0,897.5,0.888454280488672
B0031027C.jpg,200743,706,0,479,0,656,211,0.6574879,5.0,2480.0,0.7709689281667957
B0017009C.jpg,94217,749,0,0,476,162,772,0.64910454,5.0,3102.0,0.8353069660934024
B003601AC.jpg,221210,855,0,0,167,216,560,0.633691,5.0,6255.0,0.8287680741752407
B0035028C.jpg,217128,857,0,519,839,766,1024,0.6335511,5.0,2809.5,0.5743837990892461
B0011023C.jpg,69667,872,0,588,407,844,630,0.63096035,5.0,2382.5,0.8784792824661328
B0021014C.jpg,135188,874,0,0,783,194,1005,0.6308313,5.0,2300.0,0.8247926231907166
B002403DC.jpg,147517,900,0,483,722,726,975,0.6259145,5.0,2080.0,0.8693410669262155
B001F02FC.jpg,127023,973,0,693,0,1010,448,0.6133996,5.0,4442.5,0.836029282169293
B0007022C.jpg,28706,1002,0,407,760,617,1024,0.60811645,5.0,5419.0,0.8107037804113404
B0033026C.jpg,208934,1020,0,155,801,450,1023,0.6064652,5.0,3209.0,0.8791772072093297
B000E00DC.jpg,57357,1079,0,809,521,1024,953,0.59657794,5.0,1969.0,0.6803079794174155
B000A01AC.jpg,40986,1086,0,774,280,994,485,0.5951247,5.0,2728.0,0.8468680088459284
B002202FC.jpg,139311,1102,0,842,0,1024,175,0.59218,5.0,2425.0,0.8570045426335315
B0019016C.jpg,102422,1124,0,403,609,627,812,0.5885019,5.0,2968.5,0.7498851060691855
B0031033C.jpg,200755,1164,0,782,516,995,860,0.5822083,5.0,3181.0,0.7586826798018355
B000801CC.jpg,32796,1186,0,169,0,429,239,0.57905245,5.0,2865.0,0.7227062957521181
B003701AC.jpg,225306,1243,0,305,0,657,308,0.57026404,5.0,3129.5,0.8511312108752799
B001D03BC.jpg,118843,1256,0,308,336,510,625,0.56811047,5.0,3487.5,0.8575382926577004
B002E00DC.jpg,188429,1284,0,7,860,360,1024,0.563552,5.0,4041.5,0.887347255779151
B002202CC.jpg,139308,1299,0,407,0,849,159,0.5615755,5.0,2303.0,0.8097162883583007
B001F014C.jpg,126996,1335,0,346,120,598,458,0.5572049,5.0,6444.0,0.7357081536041742
B0006034C.jpg,24628,1409,0,327,639,608,1024,0.547259,5.0,4625.0,0.5713659042887208
B001101BC.jpg,69659,1421,0,683,0,991,194,0.5455808,5.0,1009.5,0.8336817391509237
B0023034C.jpg,143412,1456,0,0,0,437,189,0.53899175,5.0,4490.0,0.7121318589856338
B002301BC.jpg,143387,1460,0,321,0,848,454,0.5386865,5.0,8040.0,0.6629248216708155
B0041017C.jpg,266263,1479,0,652,334,845,524,0.536744,5.0,1380.0,0.7856610583586648
B002D016C.jpg,184342,1485,0,0,160,147,414,0.53617775,5.0,2748.5,0.6443496606579986
B002B01AC.jpg,176154,1491,0,459,0,825,250,0.53544813,5.0,2686.5,0.6867137232839272
B001901CC.jpg,102428,1502,0,731,204,996,514,0.5332629,5.0,2333.0,0.745489042124848
B0036018C.jpg,221208,1547,0,323,0,567,214,0.5265451,5.0,1800.5,0.7972012365423579
B0029017C.jpg,167959,1608,0,231,0,527,287,0.51831096,5.0,7835.0,0.8787117901471666
B003102AC.jpg,200746,1635,0,0,0,190,137,0.5129757,5.0,0.0,0.0
B001F037C.jpg,127031,1685,0,853,25,1024,298,0.50650275,5.0,0.0,0.0
B0008033C.jpg,32819,1693,0,823,868,1024,1024,0.5050829,5.0,2046.0,0.8537304790873719
B001E032C.jpg,122930,1728,0,0,0,258,265,0.50098157,5.0,4182.0,0.8513597722408444
B002302BC.jpg,143403,1734,0,636,504,942,778,0.50018954,5.0,5907.0,0.8589820300738097
B002C00BC.jpg,180235,3,0,121.0,383.0,449.0,692.0,0.87949616,6,0.0,0.0
B002503AC.jpg,151610,10,0,428.0,575.0,885.0,938.0,0.8632732,6,0.0,0.0
B0005030C.jpg,20528,14,0,173.0,431.0,812.0,907.0,0.8573059,6,0.0,0.0
B002A031C.jpg,172081,23,0,28.0,417.0,562.0,902.0,0.850971,6,0.0,0.0
B0014021C.jpg,81953,32,0,539.0,417.0,931.0,1023.0,0.84039336,6,0.0,0.0
B000C020C.jpg,49184,52,0,569.0,320.0,844.0,712.0,0.83104837,6,0.0,0.0
B001002EC.jpg,65582,71,0,704.0,24.0,1024.0,487.0,0.8204123,6,0.0,0.0
B001A026C.jpg,106534,80,0,544.0,587.0,763.0,935.0,0.8154559,6,0.0,0.0
B002E012C.jpg,188434,83,0,14.0,691.0,462.0,1024.0,0.8146946,6,0.0,0.0
B002A035C.jpg,172085,86,0,337.0,698.0,720.0,1024.0,0.8125747,6,0.0,0.0
B002C022C.jpg,180258,93,0,0.0,683.0,396.0,1023.0,0.80947345,6,0.0,0.0
B0026005C.jpg,155653,96,0,660.0,645.0,1024.0,1023.0,0.8079712,6,0.0,0.0
B000E03AC.jpg,57402,107,0,721.0,0.0,1024.0,178.0,0.80226445,6,0.0,0.0
B0031011C.jpg,200721,119,0,795.0,322.0,1024.0,1023.0,0.7996403,6,0.0,0.0
B002D036C.jpg,184374,121,0,485.0,369.0,944.0,728.0,0.7987626,6,0.0,0.0
B000D020C.jpg,53280,123,0,729.0,797.0,1023.0,1024.0,0.7973096,6,0.0,0.0
B002501DC.jpg,151581,132,0,729.0,83.0,1024.0,479.0,0.79504853,6,0.0,0.0
B002D024C.jpg,184356,136,0,0.0,441.0,233.0,706.0,0.7931233,6,0.0,0.0
B0034021C.jpg,213025,149,0,429.0,0.0,679.0,261.0,0.788324,6,0.0,0.0
B000602BC.jpg,24619,154,0,307.0,0.0,746.0,374.0,0.78616357,6,0.0,0.0
B000F026C.jpg,61478,155,0,4.0,290.0,250.0,630.0,0.7857003,6,0.0,0.0
B001800EC.jpg,98318,174,0,601.0,311.0,1024.0,808.0,0.78259385,6,0.0,0.0
B001F039C.jpg,127033,183,0,375.0,641.0,549.0,910.0,0.7804258,6,0.0,0.0
B002101BC.jpg,135195,203,0,475.0,694.0,928.0,1024.0,0.77388126,6,0.0,0.0
B001C021C.jpg,114721,204,0,71.0,266.0,384.0,555.0,0.7737856,6,0.0,0.0
B0036029C.jpg,221225,222,0,451.0,179.0,1005.0,482.0,0.7683009,6,0.0,0.0
B0004019C.jpg,16409,231,0,412.0,18.0,744.0,381.0,0.76613456,6,0.0,0.0
B002C033C.jpg,180275,253,0,221.0,781.0,734.0,1024.0,0.76038057,6,0.0,0.0
B003B01DC.jpg,241693,258,0,796.0,420.0,1024.0,791.0,0.7588413,6,0.0,0.0
B000E00FC.jpg,57359,272,0,150.0,147.0,458.0,308.0,0.75501573,6,0.0,0.0
B003100FC.jpg,200719,281,0,632.0,93.0,1001.0,622.0,0.75294757,6,0.0,0.0
B0023003C.jpg,143363,291,0,653.0,583.0,983.0,826.0,0.7505485,6,0.0,0.0
B0021028C.jpg,135208,294,0,632.0,611.0,950.0,1010.0,0.7496894,6,0.0,0.0
B003A01AC.jpg,237594,299,0,414.0,149.0,1023.0,693.0,0.74869585,6,0.0,0.0
B0039014C.jpg,233492,329,0,0.0,237.0,342.0,578.0,0.74139833,6,0.0,0.0
B0010017C.jpg,65559,333,0,0.0,320.0,258.0,539.0,0.7402926,6,0.0,0.0
B002400FC.jpg,147471,338,0,702.0,571.0,945.0,823.0,0.7395448,6,0.0,0.0
B001402CC.jpg,81964,344,0,586.0,407.0,1023.0,783.0,0.7387775,6,0.0,0.0
B002E037C.jpg,188471,349,0,2.0,0.0,340.0,170.0,0.7378997,6,0.0,0.0
B002C016C.jpg,180246,367,0,428.0,579.0,850.0,1024.0,0.7341975,6,0.0,0.0
B0020003C.jpg,131075,374,0,647.0,79.0,1024.0,419.0,0.73171246,6,0.0,0.0
B0019003C.jpg,102403,409,0,448.0,810.0,787.0,1024.0,0.723146,6,0.0,0.0
B001C01AC.jpg,114714,419,0,319.0,650.0,897.0,1023.0,0.7205357,6,0.0,0.0
B001002FC.jpg,65583,423,0,0.0,37.0,224.0,458.0,0.719245,6,0.0,0.0
B002E033C.jpg,188467,473,0,720.0,608.0,1024.0,950.0,0.70666254,6,0.0,0.0
B0036021C.jpg,221217,489,0,481.0,336.0,686.0,653.0,0.70383203,6,0.0,0.0
B0030031C.jpg,196657,493,0,274.0,604.0,572.0,838.0,0.7027913,6,0.0,0.0
B001A02FC.jpg,106543,503,0,127.0,662.0,420.0,891.0,0.69953287,6,0.0,0.0
B000402DC.jpg,16429,512,0,328.0,178.0,666.0,562.0,0.6970777,6,0.0,0.0
B0004029C.jpg,16425,524,0,758.0,0.0,1024.0,372.0,0.6949049,6,0.0,0.0
B001202CC.jpg,73772,525,0,5.0,1.0,236.0,219.0,0.6946196,6,0.0,0.0
B000D02BC.jpg,53291,542,0,0.0,335.0,314.0,669.0,0.6906477,6,0.0,0.0
B001400AC.jpg,81930,543,0,697.0,314.0,907.0,522.0,0.6905858,6,0.0,0.0
B0015024C.jpg,86052,553,0,237.0,18.0,570.0,401.0,0.6879437,6,0.0,0.0
B001901AC.jpg,102426,555,0,131.0,334.0,529.0,726.0,0.68746936,6,0.0,0.0
B001F00CC.jpg,126988,559,0,222.0,227.0,387.0,571.0,0.68682617,6,0.0,0.0
B0029016C.jpg,167958,560,0,0.0,76.0,185.0,368.0,0.6868217,6,0.0,0.0
B003102BC.jpg,200747,574,0,408.0,465.0,680.0,731.0,0.683345,6,0.0,0.0
B0016024C.jpg,90148,575,0,272.0,190.0,709.0,531.0,0.68319494,6,0.0,0.0
B0027028C.jpg,159784,578,0,55.0,782.0,316.0,1024.0,0.68290716,6,0.0,0.0
B0004022C.jpg,16418,591,0,229.0,697.0,753.0,1024.0,0.6800467,6,0.0,0.0
B0023028C.jpg,143400,599,0,608.0,683.0,806.0,879.0,0.6779893,6,0.0,0.0
B0002016C.jpg,8214,623,0,653.0,724.0,899.0,954.0,0.67303973,6,0.0,0.0
B000B032C.jpg,45106,634,0,638.0,843.0,988.0,1024.0,0.671294,6,0.0,0.0
B003500BC.jpg,217099,673,0,217.0,3.0,616.0,391.0,0.66412246,6,0.0,0.0
B002502CC.jpg,151596,682,0,1.0,75.0,399.0,594.0,0.6620131,6,0.0,0.0
B001A011C.jpg,106513,687,0,708.0,461.0,1024.0,762.0,0.66075367,6,0.0,0.0
B0033012C.jpg,208914,700,0,718.0,926.0,1024.0,1024.0,0.65862656,7,0.0,0.0
B002A023C.jpg,172067,710,0,489.0,815.0,910.0,1024.0,0.65659124,6,0.0,0.0
B0025039C.jpg,151609,725,0,434.0,0.0,660.0,289.0,0.65461123,6,0.0,0.0
B001A01FC.jpg,106527,726,0,531.0,374.0,793.0,811.0,0.65386224,6,0.0,0.0
B002B009C.jpg,176137,754,0,310.0,612.0,642.0,899.0,0.6487463,6,0.0,0.0
B0010014C.jpg,65556,763,0,180.0,788.0,405.0,1024.0,0.6472545,6,0.0,0.0
B003E026C.jpg,253990,766,0,31.0,79.0,279.0,411.0,0.6468433,6,0.0,0.0
B0026033C.jpg,155699,771,0,0.0,632.0,336.0,1023.0,0.64646393,6,0.0,0.0
B002F001C.jpg,192513,780,0,816.0,481.0,1024.0,925.0,0.6446654,6,0.0,0.0
B000E011C.jpg,57361,784,0,566.0,288.0,920.0,667.0,0.6442419,6,0.0,0.0
B002C023C.jpg,180259,795,0,58.0,94.0,493.0,464.0,0.6430356,6,0.0,0.0
B000C032C.jpg,49202,804,0,574.0,0.0,893.0,199.0,0.6414636,6,0.0,0.0
B0033016C.jpg,208918,815,0,646.0,657.0,1024.0,1023.0,0.64041275,6,0.0,0.0
B001E005C.jpg,122885,816,0,145.0,546.0,310.0,732.0,0.64030886,6,0.0,0.0
B000D02DC.jpg,53293,840,0,0.0,192.0,115.0,504.0,0.6364449,6,0.0,0.0
B0027018C.jpg,159768,860,0,349.0,185.0,607.0,367.0,0.63276273,6,0.0,0.0
B003700DC.jpg,225293,873,0,632.0,20.0,913.0,356.0,0.630891,7,0.0,0.0
B0007030C.jpg,28720,879,0,115.0,753.0,441.0,1024.0,0.62993115,6,0.0,0.0
B003A036C.jpg,237622,898,0,0.0,0.0,449.0,531.0,0.62628603,6,0.0,0.0
B0020038C.jpg,131128,899,0,74.0,843.0,362.0,1024.0,0.62610203,6,0.0,0.0
B001C028C.jpg,114728,906,0,761.0,246.0,1024.0,636.0,0.6251749,6,0.0,0.0
B001700EC.jpg,94222,931,0,0.0,82.0,160.0,516.0,0.62032115,6,0.0,0.0
B0031024C.jpg,200740,933,0,623.0,0.0,977.0,248.0,0.6202607,6,0.0,0.0
B000B014C.jpg,45076,935,0,700.0,845.0,1023.0,1024.0,0.6194513,6,0.0,0.0
B002C037C.jpg,180279,941,0,204.0,764.0,481.0,997.0,0.6184614,6,0.0,0.0
B0026026C.jpg,155686,946,0,252.0,785.0,619.0,1024.0,0.6178142,6,0.0,0.0
B002302CC.jpg,143404,965,0,468.0,0.0,753.0,217.0,0.61485076,6,0.0,0.0
B0015032C.jpg,86066,966,0,391.0,349.0,691.0,634.0,0.6146965,6,0.0,0.0
B0020019C.jpg,131097,967,0,63.0,467.0,329.0,706.0,0.61442065,6,0.0,0.0
B002D032C.jpg,184370,1015,0,281.0,382.0,798.0,632.0,0.6068796,6,0.0,0.0
B0014039C.jpg,81977,1048,0,413.0,374.0,953.0,935.0,0.602254,6,0.0,0.0
B001101DC.jpg,69661,1051,0,728.0,862.0,1023.0,1024.0,0.6019149,6,0.0,0.0
B001501BC.jpg,86043,1053,0,29.0,608.0,301.0,902.0,0.60157573,6,0.0,0.0
B002301AC.jpg,143386,1103,0,649.0,704.0,940.0,955.0,0.59163433,6,0.0,0.0
B0032013C.jpg,204819,1106,0,0.0,567.0,197.0,935.0,0.5914914,6,0.0,0.0
B0015037C.jpg,86071,1107,0,682.0,249.0,1024.0,825.0,0.5914055,6,0.0,0.0
B001900FC.jpg,102415,1133,0,302.0,578.0,574.0,909.0,0.58677447,6,0.0,0.0
B001E016C.jpg,122902,1134,0,766.0,467.0,1022.0,742.0,0.58668035,6,0.0,0.0
B0031009C.jpg,200713,1171,0,561.0,827.0,891.0,1024.0,0.5809314,6,0.0,0.0
B0025032C.jpg,151602,1176,0,480.0,818.0,797.0,1024.0,0.58005494,6,0.0,0.0
B0011026C.jpg,69670,1177,0,632.0,5.0,1024.0,670.0,0.58000845,6,0.0,0.0
B0021008C.jpg,135176,1184,0,585.0,744.0,821.0,1024.0,0.57946783,6,0.0,0.0
B0011008C.jpg,69640,1192,0,661.0,41.0,1004.0,286.0,0.5779435,6,0.0,0.0
B002000BC.jpg,131083,1204,0,350.0,409.0,709.0,719.0,0.5751849,6,0.0,0.0
B0029035C.jpg,167989,1220,0,493.0,75.0,1012.0,442.0,0.57294095,6,0.0,0.0
B0032029C.jpg,204841,1230,0,633.0,653.0,831.0,832.0,0.5717876,6,0.0,0.0
B002200FC.jpg,139279,1233,0,789.0,194.0,1024.0,477.0,0.5712061,6,0.0,0.0
B0026023C.jpg,155683,1277,0,757.0,750.0,1024.0,1024.0,0.5647432,6,0.0,0.0
B000A026C.jpg,40998,1320,0,206.0,909.0,474.0,1024.0,0.5587667,6,0.0,0.0
B000D032C.jpg,53298,1333,0,581.0,364.0,1023.0,1023.0,0.55734515,6,0.0,0.0
B003100DC.jpg,200717,1336,0,499.0,185.0,964.0,563.0,0.55689687,6,0.0,0.0
B001C013C.jpg,114707,1338,0,740.0,687.0,977.0,930.0,0.55660284,6,0.0,0.0
B0023019C.jpg,143385,1373,0,677.0,708.0,1023.0,999.0,0.5513042,6,0.0,0.0
B001D01DC.jpg,118813,1383,0,0.0,440.0,145.0,804.0,0.55017185,6,0.0,0.0
B0035011C.jpg,217105,1418,0,686.0,796.0,1024.0,1024.0,0.54578686,6,0.0,0.0
B0031030C.jpg,200752,1419,0,744.0,361.0,976.0,650.0,0.5457759,6,0.0,0.0
B0023029C.jpg,143401,1438,0,637.0,871.0,976.0,1024.0,0.5418093,6,0.0,0.0
B003100BC.jpg,200715,1445,0,1.0,468.0,246.0,766.0,0.540773,6,0.0,0.0
B000901EC.jpg,36894,1451,0,595.0,122.0,1024.0,563.0,0.5395986,6,0.0,0.0
B0016004C.jpg,90116,1474,0,748.0,0.0,1024.0,301.0,0.537437,6,0.0,0.0
B001202CC.jpg,73772,1484,0,0.0,755.0,350.0,1024.0,0.536302,6,0.0,0.0
B001B007C.jpg,110599,1510,0,0.0,428.0,300.0,818.0,0.5323526,6,0.0,0.0
B003B022C.jpg,241698,1514,0,190.0,11.0,579.0,400.0,0.5317849,6,0.0,0.0
B0032009C.jpg,204809,1518,0,577.0,0.0,914.0,274.0,0.5313649,6,0.0,0.0
B001201AC.jpg,73754,1537,0,492.0,0.0,1021.0,189.0,0.52841663,6,0.0,0.0
B001B01EC.jpg,110622,1540,0,724.0,444.0,1024.0,762.0,0.52808315,6,0.0,0.0
B000A031C.jpg,41009,1569,0,218.0,407.0,618.0,876.0,0.5239957,6,0.0,0.0
B0024022C.jpg,147490,1575,0,537.0,753.0,953.0,1023.0,0.5226684,6,0.0,0.0
B0022010C.jpg,139280,1584,0,0.0,521.0,127.0,864.0,0.5213676,6,0.0,0.0
B002E037C.jpg,188471,1585,0,744.0,770.0,1008.0,1024.0,0.5213665,6,0.0,0.0
B002801CC.jpg,163868,1610,0,512.0,699.0,771.0,852.0,0.51795715,6,0.0,0.0
B0016039C.jpg,90169,1617,0,669.0,0.0,1024.0,340.0,0.51683,6,0.0,0.0
B0034013C.jpg,213011,1619,0,69.0,0.0,312.0,172.0,0.5161808,6,0.0,0.0
B001A00CC.jpg,106508,1646,0,271.0,852.0,724.0,1024.0,0.5114421,6,0.0,0.0
B001B014C.jpg,110612,1669,0,0.0,717.0,260.0,1024.0,0.50851524,6,0.0,0.0
B003002DC.jpg,196653,1697,0,821.0,375.0,1024.0,890.0,0.5044329,6,0.0,0.0
B000B024C.jpg,45092,1700,0,12.0,632.0,494.0,1023.0,0.5041139,6,0.0,0.0
B001D03AC.jpg,118842,1703,0,0.0,639.0,266.0,1022.0,0.5039812,6,0.0,0.0
B002E021C.jpg,188449,1710,0,382.0,483.0,792.0,1023.0,0.50298494,6,0.0,0.0
